DATE,OPEN,HIGH,LOW,CLOSE,VOL,P,R,RINFO
20170723,555.89,578.97,411.78,413.06,85013,0,0,0
20170724,412.58,578.89,409.21,440.70,190952,0,0,0
20170725,441.35,541.66,338.09,406.90,524908,0,0,0
20170726,407.08,486.16,321.79,365.82,1784640,0,0,0
20170727,417.10,460.97,367.78,385.48,533207,0,0,0
20170728,386.65,465.18,217.06,406.05,1230160,0,0,0
20170729,410.56,423.73,323.73,384.77,737815,0,0,0
20170730,385.14,385.14,316.25,345.66,606695,0,0,0
20170731,346.36,347.82,266.19,294.46,1075960,0,0,0
20170801,294.60,426.11,210.38,380.01,65988800,0,0,0
20170802,382.38,756.93,309.33,452.66,416207000,0,0,0
20170803,448.49,519.28,364.05,364.05,161518000,0,0,0
20170804,362.18,386.93,233.05,233.05,185038000,0,0,0
20170805,231.11,273.04,200.98,213.15,144043000,0,0,0
20170806,212.18,223.70,203.44,220.66,107606000,0,0,0
20170807,223.76,373.87,223.76,319.69,346546000,0,0,0
20170808,321.35,386.29,309.61,345.49,274880000,0,0,0
20170809,345.28,349.32,298.61,303.89,165032000,0,0,0
20170810,305.21,311.68,274.68,275.95,136637000,0,0,0
20170811,275.88,351.16,275.02,328.24,233971000,0,0,0
20170812,327.82,341.85,313.70,317.09,126007000,0,0,0
20170813,316.29,317.47,298.05,298.05,120722000,0,0,0
20170814,296.10,327.39,293.50,297.68,174968000,0,0,0
20170815,298.19,306.52,292.88,297.86,133924000,0,0,0
20170816,297.97,307.62,290.21,300.21,106436000,0,0,0
20170817,301.02,460.53,293.10,460.53,744605000,0,0,0
20170818,458.67,764.07,458.67,690.24,3087490000,0,0,0
20170819,697.04,1091.97,625.16,754.56,3196230000,0,0,0
20170820,772.42,858.96,683.94,712.87,1494020000,0,0,0
20170821,723.70,756.59,573.47,599.63,1123400000,0,0,0
20170822,596.19,734.88,570.27,690.88,1393260000,0,0,0
20170823,690.96,715.67,651.32,669.40,501983000,0,0,0
20170824,670.03,697.32,617.31,628.11,407177000,0,0,0
20170825,627.06,665.41,624.30,641.05,348632000,0,0,0
20170826,641.88,646.93,622.36,625.32,193414000,0,0,0
20170827,625.89,654.87,589.63,620.90,402718000,0,0,0
20170828,619.70,626.88,595.52,596.18,216273000,0,0,0
20170829,596.13,599.30,528.32,552.93,370017000,0,0,0
20170830,549.32,604.69,535.92,575.21,443856000,0,0,0
20170831,576.25,603.69,572.14,588.17,298144000,0,0,0
20170901,588.40,645.52,586.73,622.17,393839000,0,0,0
20170902,621.96,642.05,560.58,575.90,350478000,0,0,0
20170903,578.27,617.41,563.59,607.43,344862000,0,0,0
20170904,608.26,608.26,500.75,517.24,328957000,0,0,0
20170905,514.90,550.95,458.78,541.71,338978000,0,0,0
20170906,541.28,642.69,539.96,638.18,693240000,0,0,0
20170907,636.85,707.98,603.50,652.86,1082380000,0,0,0
20170908,654.37,687.30,557.50,583.10,809763000,0,0,0
20170909,584.73,586.18,539.15,547.47,234578000,0,0,0
20170910,546.48,546.75,484.09,537.07,289508000,0,0,0
20170911,537.19,556.25,515.67,537.81,274712000,0,0,0
20170912,539.03,559.22,505.01,510.41,273825000,0,0,0
20170913,509.47,519.20,471.22,503.61,340344000,0,0,0
20170914,504.22,510.47,367.04,367.04,257431000,0,0,0
20170915,369.49,448.39,301.69,424.02,707231000,0,0,0
20170916,424.49,450.98,388.20,440.22,313583000,0,0,0
20170917,438.90,438.90,384.06,419.86,221828000,0,0,0
20170918,422.09,479.69,422.09,479.32,458550000,0,0,0
20170919,480.64,550.41,450.05,527.88,802321000,0,0,0
20170920,526.74,527.72,471.09,476.05,669264000,0,0,0
20170921,475.83,480.00,413.75,416.26,316731000,0,0,0
20170922,417.92,435.44,402.77,415.09,241905000,0,0,0
20170923,415.31,432.96,407.45,428.50,189127000,0,0,0
20170924,428.80,433.04,419.25,421.03,114527000,0,0,0
20170925,419.65,450.13,419.65,445.80,302272000,0,0,0
20170926,445.36,458.25,441.83,441.83,165303000,0,0,0
20170927,441.86,460.00,439.41,457.31,197885000,0,0,0
20170928,456.71,465.20,433.50,447.81,300421000,0,0,0
20170929,447.66,447.92,426.99,436.77,148725000,0,0,0
20170930,436.64,445.62,432.53,432.63,150565000,0,0,0
20171001,433.38,436.94,415.15,415.15,164290000,0,0,0
20171002,415.87,430.86,411.84,421.19,219590000,0,0,0
20171003,421.79,421.79,395.74,404.18,130247000,0,0,0
20171004,404.20,404.45,354.55,358.45,251584000,0,0,0
20171005,358.42,371.19,348.45,355.75,268341000,0,0,0
20171006,355.44,371.28,354.96,363.01,182031000,0,0,0
20171007,363.60,364.88,356.06,360.78,91004000,0,0,0
20171008,360.09,362.46,337.00,342.21,203754000,0,0,0
20171009,342.76,342.76,289.04,314.16,288075000,0,0,0
20171010,313.22,352.02,311.70,321.59,367809000,0,0,0
20171011,320.20,321.26,312.13,314.90,131577000,0,0,0
20171012,315.47,330.13,310.71,313.21,262066000,0,0,0
20171013,314.15,323.08,304.38,321.46,288210000,0,0,0
20171014,321.54,327.42,317.35,321.96,164137000,0,0,0
20171015,322.42,323.59,307.68,314.95,133385000,0,0,0
20171016,315.26,318.02,310.52,313.64,117797000,0,0,0
20171017,313.70,394.96,309.64,371.73,1008160000,0,0,0
20171018,373.65,376.18,313.77,339.17,477184000,0,0,0
20171019,339.27,339.27,326.27,330.81,195578000,0,0,0
20171020,330.90,332.98,323.08,327.44,160204000,0,0,0
20171021,326.75,328.45,317.46,323.36,129938000,0,0,0
20171022,323.50,355.52,323.50,331.66,355546000,0,0,0
20171023,330.67,332.28,309.87,315.60,191558000,0,0,0
20171024,315.90,340.45,311.48,326.89,267442000,0,0,0
20171025,326.59,334.38,320.38,332.13,151935000,0,0,0
20171026,332.11,350.94,331.21,338.20,234967000,0,0,0
20171027,338.30,372.81,338.24,367.57,501989000,0,0,0
20171028,369.54,425.44,369.06,423.35,781037000,0,0,0
20171029,420.47,526.12,408.40,451.92,2002440000,0,0,0
20171030,458.45,478.42,417.62,448.23,796409000,0,0,0
20171031,449.37,454.07,431.76,439.05,343799000,0,0,0
20171101,438.30,538.26,437.91,531.83,1152230000,0,0,0
20171102,527.68,610.39,514.52,587.22,1632060000,0,0,0
20171103,587.32,684.53,577.86,625.32,1682210000,0,0,0
20171104,635.35,642.05,571.12,620.45,1161370000,0,0,0
20171105,619.91,635.72,579.13,630.70,816028000,0,0,0
20171106,630.31,657.34,602.65,602.65,794105000,0,0,0
20171107,602.68,626.21,602.45,616.30,375367000,0,0,0
20171108,615.24,646.38,565.60,622.46,837646000,0,0,0
20171109,622.31,670.14,619.26,654.30,710387000,0,0,0
20171110,651.77,1034.77,651.77,1007.42,5195420000,0,0,0
20171111,1001.64,1403.66,910.72,1340.45,5139770000,0,0,0
20171112,1346.97,2477.65,1215.58,1388.86,8371320000,0,0,0
20171113,1381.82,1501.16,1043.00,1353.99,4850570000,0,0,0
20171114,1346.73,1390.21,1211.39,1273.53,1697910000,0,0,0
20171115,1269.79,1326.39,1191.98,1212.40,1321780000,0,0,0
20171116,1202.17,1210.36,876.57,900.78,2034690000,0,0,0
20171117,909.16,1217.42,863.98,1185.48,3203430000,0,0,0
20171118,1197.43,1388.11,1197.43,1254.53,3053770000,0,0,0
20171119,1260.95,1262.34,1144.08,1172.05,1285910000,0,0,0
20171120,1172.43,1236.01,1167.28,1236.01,800053000,0,0,0
20171121,1220.78,1224.15,1140.88,1176.97,772859000,0,0,0
20171122,1175.06,1335.25,1171.60,1303.31,1517620000,0,0,0
20171123,1302.23,1683.81,1299.95,1683.81,4112090000,0,0,0
20171124,1651.86,1782.83,1575.76,1648.51,3128960000,0,0,0
20171125,1634.00,1656.55,1535.77,1571.27,1560040000,0,0,0
20171126,1571.39,1758.61,1563.35,1735.66,1593050000,0,0,0
20171127,1722.93,1742.40,1607.79,1622.57,1391460000,0,0,0
20171128,1621.17,1629.48,1543.08,1546.18,1274880000,0,0,0
20171129,1541.63,1673.23,1332.14,1359.71,2345250000,0,0,0
20171130,1380.36,1468.75,1222.10,1389.78,1211730000,0,0,0
20171201,1381.81,1482.68,1300.46,1462.68,965151000,0,0,0
20171202,1462.06,1502.37,1415.49,1434.98,574510000,0,0,0
20171203,1435.36,1649.30,1420.60,1559.93,1476740000,0,0,0
20171204,1560.16,1580.11,1498.98,1576.92,780634000,0,0,0
20171205,1580.16,1623.16,1498.00,1501.85,1032800000,0,0,0
20171206,1498.49,1530.65,1396.16,1430.10,1154620000,0,0,0
20171207,1430.71,1454.73,1323.75,1330.93,1285210000,0,0,0
20171208,1329.16,1731.32,1247.93,1464.13,2553980000,0,0,0
20171209,1464.63,1526.40,1353.90,1410.06,1059610000,0,0,0
20171210,1411.84,1411.84,1226.21,1323.07,885886000,0,0,0
20171211,1320.00,1453.49,1316.85,1423.38,922792000,0,0,0
20171212,1427.38,1638.29,1427.38,1615.03,1386250000,0,0,0
20171213,1616.99,1702.53,1497.94,1607.65,1245190000,0,0,0
20171214,1600.67,2080.41,1593.15,1966.14,2717410000,0,0,0
20171215,1974.66,1974.66,1678.06,1815.43,1457230000,0,0,0
20171216,1824.85,1890.06,1769.50,1801.88,971255000,0,0,0
20171217,1812.33,1939.93,1806.65,1862.88,1020590000,0,0,0
20171218,1869.21,2353.64,1799.12,2196.64,2538650000,0,0,0
20171219,2199.06,2918.93,2160.92,2805.89,3913340000,0,0,0
20171220,2825.03,4355.62,2825.03,3923.07,11889600000,0,0,0
20171221,3909.00,3909.00,3038.01,3267.17,3664330000,0,0,0
20171222,3324.00,3369.55,1938.36,2696.69,3877770000,0,0,0
20171223,2746.95,3479.71,2684.82,3257.08,2843310000,0,0,0
20171224,3260.55,3260.55,2573.44,2903.12,1712160000,0,0,0
20171225,2929.35,3099.62,2755.60,2954.69,1355440000,0,0,0
20171226,2947.74,3112.64,2915.80,3108.89,1544430000,0,0,0
20171227,3108.32,3108.32,2771.05,2889.52,1406450000,0,0,0
20171228,2888.64,2896.78,2481.30,2566.64,3221300000,0,0,0
20171229,2587.30,2922.41,2389.04,2779.95,2479420000,0,0,0
20171230,2791.55,2791.55,2329.47,2392.41,1257760000,0,0,0
20171231,2376.96,2627.95,2350.03,2533.01,1300820000,0,0,0
20180101,2534.82,2534.86,2389.52,2432.54,922813000,0,0,0
20180102,2434.50,2867.14,2434.50,2711.00,1831230000,0,0,0
20180103,2700.55,2958.47,2592.56,2608.69,4688840000,0,0,0
20180104,2608.87,2610.20,2359.30,2430.18,5377260000,0,0,0
20180105,2400.74,2648.32,2370.59,2584.48,2115710000,0,0,0
20180106,2583.71,2829.69,2481.36,2786.65,1669160000,0,0,0
20180107,2784.68,3071.16,2730.31,2786.88,1444780000,0,0,0
20180108,2786.60,2810.32,2275.07,2421.47,1428900000,0,0,0
20180109,2412.36,2502.87,2346.68,2391.56,1084750000,0,0,0
20180110,2390.02,2961.20,2332.48,2895.38,2578810000,0,0,0
20180111,2891.55,2976.49,2396.84,2462.61,1947950000,0,0,0
20180112,2475.90,2648.23,2413.33,2620.99,1110220000,0,0,0
20180113,2617.66,2850.27,2589.03,2685.29,1218570000,0,0,0
20180114,2687.10,2746.61,2490.04,2553.32,993310000,0,0,0
20180115,2541.58,2576.13,2328.31,2401.54,1412360000,0,0,0
20180116,2406.86,2406.86,1555.97,1772.07,1704030000,0,0,0
20180117,1767.58,1875.08,1361.02,1748.05,1457730000,0,0,0
20180118,1752.27,1893.47,1696.25,1756.75,1024060000,0,0,0
20180119,1740.17,1870.78,1723.87,1769.62,743247000,0,0,0
20180120,1784.26,2124.45,1780.45,2032.12,1116240000,0,0,0
20180121,2033.70,2033.70,1733.99,1776.64,745179000,0,0,0
20180122,1794.46,1815.42,1525.50,1621.92,681350000,0,0,0
20180123,1623.14,1700.34,1504.72,1621.46,578984000,0,0,0
20180124,1622.15,1703.34,1575.42,1639.13,488161000,0,0,0
20180125,1661.04,1707.70,1611.04,1642.12,522194000,0,0,0
20180126,1637.19,1678.63,1500.37,1603.90,594667000,0,0,0
20180127,1602.50,1665.81,1567.78,1628.63,441742000,0,0,0
20180128,1636.41,1762.34,1636.41,1746.25,580544000,0,0,0
20180129,1745.36,1763.24,1638.33,1657.14,362213000,0,0,0
20180130,1657.69,1662.07,1468.17,1470.55,649823000,0,0,0
20180131,1470.74,1522.87,1406.25,1486.89,729209000,0,0,0
20180201,1491.12,1503.30,1214.88,1274.35,678020000,0,0,0
20180202,1272.50,1272.50,980.78,1191.14,896666000,0,0,0
20180203,1194.23,1314.43,1072.83,1272.50,453101000,0,0,0
20180204,1273.17,1286.98,1101.31,1165.38,656034000,0,0,0
20180205,1159.89,1172.70,839.95,887.41,568117000,0,0,0
20180206,890.97,978.91,764.02,974.52,777420000,0,0,0
20180207,971.08,1040.49,902.49,957.96,866222000,0,0,0
