DATE,OPEN,HIGH,LOW,CLOSE,VOL,P,R,RINFO
20140214,0.213899,0.378883,0.213899,0.374024,15422,0,0,0
20140215,0.331111,0.354461,0.219434,0.314865,21119,0,0,0
20140216,0.325840,0.459833,0.310345,0.406976,28017,0,0,0
20140217,0.406039,1.50,0.402588,1.45,178618,0,0,0
20140218,1.18,1.50,0.841751,1.04,160779,0,0,0
20140219,1.04,1.21,0.851995,0.941647,60551,0,0,0
20140220,0.941944,1.23,0.894865,1.06,93281,0,0,0
20140221,1.05,1.33,1.02,1.13,83008,0,0,0
20140222,1.12,1.26,0.696502,1.24,101024,0,0,0
20140223,1.15,3.36,0.623443,1.15,115234,0,0,0
20140224,1.18,1.19,0.418532,0.841903,109256,0,0,0
20140225,0.839383,0.839383,0.527474,0.527474,69493,0,0,0
20140226,0.620399,0.739818,0.494515,0.619451,49321,0,0,0
20140227,0.616643,0.742251,0.549852,0.619390,15148,0,0,0
20140228,0.618662,0.625539,0.458697,0.550661,60517,0,0,0
20140301,0.549616,1.07,0.528973,0.937342,252311,0,0,0
20140302,0.936036,1.08,0.815903,1.03,148259,0,0,0
20140303,1.03,4.40,0.935749,1.21,271197,0,0,0
20140304,1.21,1.21,0.970883,0.987557,90550,0,0,0
20140305,0.987192,1.07,0.941151,1.03,93138,0,0,0
20140306,1.03,1.05,0.952003,1.05,68896,0,0,0
20140307,1.06,1.10,0.877912,0.877912,112877,0,0,0
20140308,0.911867,0.953494,0.856860,0.914905,70281,0,0,0
20140309,0.913189,0.958778,0.806353,0.872964,48781,0,0,0
20140310,0.872114,0.912160,0.745242,0.810256,45946,0,0,0
20140311,0.807598,0.922435,0.764712,0.891300,42234,0,0,0
20140312,0.888208,0.953882,0.858214,0.865936,39530,0,0,0
20140313,0.865569,0.895094,0.810772,0.833336,31123,0,0,0
20140314,0.833380,0.846080,0.785160,0.811341,26274,0,0,0
20140315,0.812077,0.816057,0.739031,0.791200,30817,0,0,0
20140316,0.791673,0.800764,0.755205,0.775647,39429,0,0,0
20140317,0.772496,0.821393,0.749368,0.781925,34416,0,0,0
20140318,0.779270,0.780172,0.730293,0.752210,39252,0,0,0
20140319,0.750897,0.768236,0.728004,0.743559,35742,0,0,0
20140320,0.743256,0.755714,0.701852,0.725089,42290,0,0,0
20140321,0.724498,0.751899,0.679063,0.704648,28087,0,0,0
20140322,0.704266,0.718955,0.681694,0.714680,24618,0,0,0
20140323,0.715596,0.728952,0.693478,0.718257,34977,0,0,0
20140324,0.719851,0.892484,0.700397,0.866518,136677,0,0,0
20140325,0.868912,0.900979,0.795766,0.820100,78095,0,0,0
20140326,0.819494,0.870226,0.790430,0.858815,39790,0,0,0
20140327,0.864728,0.865513,0.683500,0.683500,32991,0,0,0
20140328,0.692062,0.774768,0.683257,0.697426,27851,0,0,0
20140329,0.709294,0.728762,0.702573,0.703475,23667,0,0,0
20140330,0.708306,0.710038,0.612809,0.662486,30985,0,0,0
20140331,0.665123,0.686890,0.624873,0.641774,15608,0,0,0
20140401,0.641783,0.747204,0.638385,0.724105,36211,0,0,0
20140402,0.725259,0.740497,0.589991,0.615044,21722,0,0,0
20140403,0.614065,0.666765,0.573639,0.638183,18610,0,0,0
20140404,0.640371,0.662537,0.625280,0.648937,11863,0,0,0
20140405,0.640305,0.703904,0.620445,0.700444,28674,0,0,0
20140406,0.700828,0.723713,0.630182,0.641513,13167,0,0,0
20140407,0.647800,0.649330,0.590722,0.604100,45233,0,0,0
20140408,0.606079,0.628222,0.580698,0.603018,21411,0,0,0
20140409,0.603431,0.616730,0.583104,0.587437,9604,0,0,0
20140410,0.587616,0.591656,0.448960,0.457036,16417,0,0,0
20140411,0.453743,0.576868,0.441314,0.548907,18946,0,0,0
20140412,0.548831,0.591372,0.535384,0.571875,18959,0,0,0
20140413,0.572342,0.576653,0.520363,0.539027,15789,0,0,0
20140414,0.538982,0.601200,0.521968,0.583917,29214,0,0,0
20140415,0.587995,0.653352,0.576325,0.647564,28751,0,0,0
20140416,0.655849,0.687299,0.631659,0.655656,23860,0,0,0
20140417,0.657735,0.669649,0.610727,0.615856,19435,0,0,0
20140418,0.618219,1.03,0.612899,0.789777,293384,0,0,0
20140419,0.794215,0.794215,0.701508,0.736829,57416,0,0,0
20140420,0.747391,0.754119,0.689135,0.722926,30229,0,0,0
20140421,0.722222,0.745336,0.673071,0.708118,29266,0,0,0
20140422,0.707657,0.728795,0.666159,0.722089,72972,0,0,0
20140423,0.722732,1.01,0.713825,0.873071,196373,0,0,0
20140424,0.871977,1.15,0.871977,1.06,329106,0,0,0
20140425,1.06,1.97,1.00,1.69,794049,0,0,0
20140426,1.71,2.41,1.39,1.72,1204200,0,0,0
20140427,1.70,2.00,1.54,1.71,509028,0,0,0
20140428,1.67,1.77,1.62,1.67,198793,0,0,0
20140429,1.67,1.70,1.45,1.64,302458,0,0,0
20140430,1.63,1.66,1.49,1.54,38202,0,0,0
20140501,1.54,1.59,1.47,1.52,232684,0,0,0
20140502,1.51,1.54,1.18,1.35,171901,0,0,0
20140503,1.35,1.35,1.14,1.20,93670,0,0,0
20140504,1.19,1.70,1.16,1.55,275743,0,0,0
20140505,1.56,1.84,1.52,1.67,291678,0,0,0
20140506,1.68,1.71,1.60,1.61,75746,0,0,0
20140507,1.61,1.69,1.56,1.63,100953,0,0,0
20140508,1.61,1.74,1.61,1.65,84669,0,0,0
20140509,1.65,2.33,1.63,2.23,520876,0,0,0
20140510,2.23,2.88,2.04,2.57,854388,0,0,0
20140511,2.54,2.82,2.54,2.57,569871,0,0,0
20140512,2.56,2.66,2.15,2.47,760914,0,0,0
20140513,2.47,2.80,2.43,2.77,415759,0,0,0
20140514,2.75,4.69,2.72,4.01,1721090,0,0,0
20140515,4.01,7.34,4.00,5.76,3215550,0,0,0
20140516,5.84,6.62,4.99,5.92,2408390,0,0,0
20140517,5.92,6.07,4.11,4.74,1637800,0,0,0
20140518,4.71,6.38,4.22,6.38,2041030,0,0,0
20140519,6.48,7.22,6.12,6.94,1655720,0,0,0
20140520,6.93,7.06,6.13,6.88,1290930,0,0,0
20140521,6.88,8.00,6.78,7.99,1414570,0,0,0
20140522,8.00,11.23,7.98,11.23,4383980,0,0,0
20140523,11.15,15.03,11.06,13.49,7267510,0,0,0
20140524,13.51,13.85,10.63,12.10,3637020,0,0,0
20140525,12.06,15.15,11.85,15.13,3625030,0,0,0
20140526,15.02,15.18,8.40,11.29,260919,0,0,0
20140527,11.27,12.07,8.31,10.57,3730600,0,0,0
20140528,10.59,10.68,6.94,7.21,3909160,0,0,0
20140529,7.16,9.94,6.13,9.38,6110000,0,0,0
20140530,9.38,11.97,8.41,11.05,5769570,0,0,0
20140531,11.09,12.50,10.99,11.33,2675190,0,0,0
20140601,11.24,13.75,11.19,12.93,3460750,0,0,0
20140602,12.92,16.00,12.73,14.48,4918700,0,0,0
20140603,14.52,14.67,12.81,13.90,3096930,0,0,0
20140604,13.83,13.89,12.03,12.50,1454730,0,0,0
20140605,12.46,12.62,10.61,10.61,1336970,0,0,0
20140606,10.61,12.10,10.15,11.77,1613890,0,0,0
20140607,11.80,11.80,10.38,10.38,506101,0,0,0
20140608,10.42,11.00,8.75,9.50,1585220,0,0,0
20140609,9.50,9.82,8.68,9.54,1311350,0,0,0
20140610,9.56,11.84,9.42,11.65,1541710,0,0,0
20140611,11.65,11.65,10.27,10.27,724358,0,0,0
20140612,10.38,11.35,10.02,10.18,895885,0,0,0
20140613,10.16,10.89,10.16,10.64,426354,0,0,0
20140614,10.68,10.68,9.78,10.24,514834,0,0,0
20140615,10.24,10.35,9.54,10.35,274260,0,0,0
20140616,10.23,10.44,10.09,10.13,427550,0,0,0
20140617,10.12,10.45,10.04,10.21,305768,0,0,0
20140618,10.29,10.52,9.91,10.22,475249,0,0,0
20140619,10.22,11.12,10.00,10.97,589450,0,0,0
20140620,10.98,12.40,8.92,10.34,4047720,0,0,0
20140621,10.24,10.24,8.91,9.29,1003310,0,0,0
20140622,9.30,9.95,9.27,9.46,287288,0,0,0
20140623,9.45,10.03,9.45,9.80,345384,0,0,0
20140624,9.80,9.90,9.44,9.44,327520,0,0,0
20140625,9.42,9.53,8.99,8.99,243528,0,0,0
20140626,8.97,10.63,8.97,10.00,942175,0,0,0
20140627,10.07,10.25,9.84,10.09,362067,0,0,0
20140628,9.84,9.86,9.34,9.53,287441,0,0,0
20140629,9.51,9.73,9.12,9.23,262898,0,0,0
20140630,9.19,9.44,8.28,8.93,1216120,0,0,0
20140701,8.93,9.13,7.82,7.90,689084,0,0,0
20140702,7.97,8.30,6.14,6.99,1070360,0,0,0
20140703,7.00,8.37,6.19,7.82,946899,0,0,0
20140704,7.77,8.05,7.56,7.56,250875,0,0,0
20140705,7.50,7.54,6.48,7.12,414546,0,0,0
20140706,7.13,7.33,6.02,6.66,349136,0,0,0
20140707,6.67,6.87,6.16,6.53,237262,0,0,0
20140708,6.98,7.64,6.82,7.17,578868,0,0,0
20140709,7.17,7.41,7.09,7.10,255938,0,0,0
20140710,7.11,7.15,6.36,6.79,299842,0,0,0
20140711,6.77,6.98,6.48,6.52,354126,0,0,0
20140712,6.57,6.70,6.45,6.54,136625,0,0,0
20140713,6.54,6.65,6.33,6.35,189565,0,0,0
20140714,6.36,6.44,6.04,6.20,255024,0,0,0
20140715,6.18,6.46,5.67,6.30,388889,0,0,0
20140716,6.32,6.50,5.75,6.35,351827,0,0,0
20140717,6.38,7.78,6.25,7.44,699285,0,0,0
20140718,7.42,7.90,6.95,7.21,729493,0,0,0
20140719,7.21,7.23,7.00,7.06,99443,0,0,0
20140720,7.06,7.26,6.96,7.11,137239,0,0,0
20140721,7.11,7.15,6.69,6.77,121175,0,0,0
20140722,6.76,6.76,6.26,6.41,183517,0,0,0
20140723,6.40,6.69,6.35,6.37,134307,0,0,0
20140724,6.37,6.49,6.13,6.18,167948,0,0,0
20140725,6.18,6.22,6.02,6.07,234015,0,0,0
20140726,6.08,6.08,5.77,5.97,175004,0,0,0
20140727,5.97,5.97,5.71,5.83,175722,0,0,0
20140728,5.83,5.87,5.17,5.17,405543,0,0,0
20140729,5.19,5.28,4.68,4.79,294949,0,0,0
20140730,4.80,4.94,4.30,4.45,329136,0,0,0
20140731,4.46,5.61,4.39,5.57,387401,0,0,0
20140801,5.55,5.81,5.22,5.64,252698,0,0,0
20140802,5.63,6.00,5.62,5.71,185190,0,0,0
20140803,5.70,6.13,5.58,5.80,280722,0,0,0
20140804,5.82,5.82,5.30,5.31,179607,0,0,0
20140805,5.31,5.47,5.20,5.41,107685,0,0,0
20140806,5.39,5.89,5.39,5.77,211361,0,0,0
20140807,5.77,5.84,5.49,5.65,140303,0,0,0
20140808,5.66,6.05,5.65,5.99,269415,0,0,0
20140809,6.03,6.04,5.53,5.59,235890,0,0,0
20140810,5.60,5.86,5.39,5.72,218033,0,0,0
20140811,5.72,5.74,5.05,5.08,223309,0,0,0
20140812,5.07,5.15,4.91,5.02,94300,0,0,0
20140813,5.02,5.09,4.34,4.86,287212,0,0,0
20140814,4.87,4.91,3.87,4.06,197663,0,0,0
20140815,4.09,4.41,3.41,3.64,276892,0,0,0
20140816,3.64,3.64,2.92,2.92,296592,0,0,0
20140817,2.94,3.04,2.20,2.36,370021,0,0,0
20140818,2.36,2.49,1.37,1.54,699964,0,0,0
20140819,1.55,3.32,1.44,3.32,674022,0,0,0
20140820,3.36,3.91,3.18,3.81,722557,0,0,0
20140821,3.80,3.89,3.37,3.38,241925,0,0,0
20140822,3.37,3.42,2.81,3.17,286798,0,0,0
20140823,3.17,3.31,2.98,2.99,132039,0,0,0
20140824,2.99,3.13,2.98,3.09,64140,0,0,0
20140825,3.09,3.09,2.67,2.68,133764,0,0,0
20140826,2.69,2.88,2.57,2.72,157503,0,0,0
20140827,2.72,2.72,2.18,2.29,328963,0,0,0
20140828,2.29,2.55,2.15,2.37,158460,0,0,0
20140829,2.38,2.59,2.36,2.55,148519,0,0,0
20140830,2.55,2.60,2.35,2.43,85691,0,0,0
20140831,2.44,2.47,2.22,2.41,112735,0,0,0
20140901,2.40,2.42,2.27,2.27,73377,0,0,0
20140902,2.27,2.36,2.26,2.32,52918,0,0,0
20140903,2.32,2.78,2.30,2.64,173985,0,0,0
20140904,2.66,3.40,2.60,3.08,393252,0,0,0
20140905,3.09,3.09,2.68,2.84,241196,0,0,0
20140906,2.84,3.21,2.79,2.98,221277,0,0,0
20140907,2.98,3.09,2.90,2.90,70704,0,0,0
20140908,2.90,2.95,2.74,2.78,89576,0,0,0
20140909,2.78,2.93,2.73,2.91,58552,0,0,0
20140910,2.91,2.95,2.82,2.82,61808,0,0,0
20140911,2.82,2.87,2.77,2.80,39876,0,0,0
20140912,2.81,2.85,2.73,2.85,64957,0,0,0
20140913,2.85,2.89,2.77,2.87,85324,0,0,0
20140914,2.88,2.91,2.77,2.80,93526,0,0,0
20140915,2.80,3.37,2.77,3.07,288266,0,0,0
20140916,3.09,3.36,3.04,3.33,130826,0,0,0
20140917,3.33,3.88,3.30,3.75,574556,0,0,0
20140918,3.78,3.95,3.59,3.87,438932,0,0,0
20140919,3.87,3.92,3.37,3.43,353146,0,0,0
20140920,3.43,3.58,3.14,3.18,211501,0,0,0
20140921,3.18,3.27,2.92,2.97,142460,0,0,0
20140922,2.97,3.40,2.97,3.36,138652,0,0,0
20140923,3.36,3.51,3.17,3.40,146543,0,0,0
20140924,3.42,10.31,3.34,3.34,74906,0,0,0
20140925,3.34,3.34,2.93,3.00,102167,0,0,0
20140926,3.00,3.05,2.80,2.89,99224,0,0,0
20140927,2.88,2.97,2.77,2.84,69607,0,0,0
20140928,2.84,3.04,2.75,2.90,120161,0,0,0
20140929,2.90,3.05,2.82,2.85,75316,0,0,0
20140930,2.86,2.97,2.62,2.70,154649,0,0,0
20141001,2.70,2.88,2.45,2.46,223263,0,0,0
20141002,2.46,2.49,2.41,2.44,45955,0,0,0
20141003,2.44,2.52,2.36,2.40,58977,0,0,0
20141004,2.40,2.50,2.16,2.24,55246,0,0,0
20141005,2.24,2.32,2.07,2.25,54743,0,0,0
20141006,2.25,2.42,2.14,2.25,51204,0,0,0
20141007,2.25,2.34,2.05,2.13,149260,0,0,0
20141008,2.12,2.36,2.09,2.34,61348,0,0,0
20141009,2.33,2.46,2.26,2.40,107387,0,0,0
20141010,2.39,2.47,2.23,2.24,63434,0,0,0
20141011,2.24,2.28,2.04,2.17,103367,0,0,0
20141012,2.16,2.18,2.04,2.14,90788,0,0,0
20141013,2.13,2.62,2.04,2.57,136242,0,0,0
20141014,2.57,2.57,2.04,2.06,218533,0,0,0
20141015,2.07,2.24,2.00,2.07,87647,0,0,0
20141016,2.07,2.30,2.07,2.18,104953,0,0,0
20141017,2.18,2.48,2.14,2.27,82247,0,0,0
20141018,2.28,2.36,2.21,2.29,40729,0,0,0
20141019,2.29,2.32,2.24,2.27,41570,0,0,0
20141020,2.26,2.28,2.08,2.11,111213,0,0,0
20141021,2.10,2.19,2.06,2.08,70427,0,0,0
20141022,2.07,2.19,2.04,2.07,100270,0,0,0
20141023,2.07,2.12,2.03,2.11,50299,0,0,0
20141024,2.10,2.11,2.00,2.04,61719,0,0,0
20141025,2.03,2.05,1.92,1.92,40232,0,0,0
20141026,1.92,2.01,1.90,1.93,40296,0,0,0
20141027,1.93,1.96,1.90,1.91,31037,0,0,0
20141028,1.92,1.95,1.88,1.90,33227,0,0,0
20141029,1.89,1.91,1.60,1.61,135790,0,0,0
20141030,1.61,1.80,1.61,1.79,90240,0,0,0
20141031,1.78,1.82,1.73,1.79,53915,0,0,0
20141101,1.79,1.82,1.62,1.67,32686,0,0,0
20141102,1.67,1.75,1.65,1.66,41301,0,0,0
20141103,1.66,1.73,1.63,1.63,38374,0,0,0
20141104,1.62,1.71,1.57,1.65,67425,0,0,0
20141105,1.65,1.78,1.65,1.75,61099,0,0,0
20141106,1.75,1.99,1.74,1.99,82374,0,0,0
20141107,1.99,2.50,1.99,2.13,383517,0,0,0
20141108,2.13,2.76,2.12,2.73,310275,0,0,0
20141109,2.73,3.01,2.68,2.99,375396,0,0,0
20141110,2.98,3.00,2.52,2.53,311577,0,0,0
20141111,2.54,2.65,2.38,2.43,193795,0,0,0
20141112,2.43,2.85,2.43,2.64,229563,0,0,0
20141113,2.66,2.77,2.47,2.58,108337,0,0,0
20141114,2.56,2.56,2.29,2.41,106611,0,0,0
20141115,2.42,2.50,2.29,2.49,83032,0,0,0
20141116,2.48,2.77,2.48,2.74,135202,0,0,0
20141117,2.73,2.78,2.29,2.33,225043,0,0,0
20141118,2.33,2.45,2.30,2.36,217493,0,0,0
20141119,2.37,2.44,2.34,2.38,87226,0,0,0
20141120,2.37,2.37,2.25,2.26,111780,0,0,0
20141121,2.26,2.27,2.20,2.22,52991,0,0,0
20141122,2.22,2.30,2.20,2.26,56526,0,0,0
20141123,2.26,2.33,2.24,2.31,52642,0,0,0
20141124,2.30,2.39,2.27,2.32,59481,0,0,0
20141125,2.31,2.42,2.28,2.37,59745,0,0,0
20141126,2.37,2.44,2.33,2.36,98080,0,0,0
20141127,2.39,2.40,2.29,2.32,85433,0,0,0
20141128,2.33,2.41,2.28,2.38,46759,0,0,0
20141129,2.38,2.44,2.35,2.37,57108,0,0,0
20141130,2.40,2.43,2.34,2.39,43116,0,0,0
20141201,2.38,2.41,2.35,2.37,46362,0,0,0
20141202,2.36,2.45,2.33,2.43,93651,0,0,0
20141203,2.43,2.44,2.36,2.43,78398,0,0,0
20141204,2.43,2.46,2.32,2.33,72131,0,0,0
20141205,2.33,2.38,2.31,2.37,53824,0,0,0
20141206,2.37,2.39,2.33,2.35,50201,0,0,0
20141207,2.36,2.39,2.33,2.37,64326,0,0,0
20141208,2.38,2.38,2.28,2.30,39250,0,0,0
20141209,2.29,2.30,2.20,2.26,42493,0,0,0
20141210,2.26,2.27,2.22,2.24,39110,0,0,0
20141211,2.23,2.33,2.20,2.29,34058,0,0,0
20141212,2.26,2.28,2.25,2.27,31940,0,0,0
20141213,2.27,2.27,2.22,2.24,26290,0,0,0
20141214,2.23,2.26,2.21,2.24,29243,0,0,0
20141215,2.24,2.24,2.11,2.13,80270,0,0,0
20141216,2.13,2.13,1.97,1.98,71365,0,0,0
20141217,1.98,2.01,1.85,1.94,90504,0,0,0
20141218,1.94,1.94,1.77,1.81,80842,0,0,0
20141219,1.82,1.91,1.78,1.89,47170,0,0,0
20141220,1.88,2.01,1.87,1.98,43232,0,0,0
20141221,1.98,5.78,1.90,1.91,77552,0,0,0
20141222,1.91,2.01,1.86,1.91,98570,0,0,0
20141223,1.90,1.95,1.87,1.92,41369,0,0,0
20141224,1.92,1.99,1.76,1.93,121397,0,0,0
20141225,1.92,1.93,1.78,1.80,67416,0,0,0
20141226,1.82,2.07,1.78,2.03,81565,0,0,0
20141227,2.03,2.03,1.90,1.95,44232,0,0,0
20141228,1.95,1.98,1.92,1.95,32002,0,0,0
20141229,1.95,1.98,1.91,1.91,51742,0,0,0
20141230,1.92,1.95,1.89,1.89,42981,0,0,0
20141231,1.89,1.98,1.88,1.97,52644,0,0,0
20150101,1.97,1.97,1.93,1.94,14957,0,0,0
20150102,1.94,1.95,1.90,1.94,33549,0,0,0
20150103,1.94,1.97,1.72,1.72,62136,0,0,0
20150104,1.72,1.74,1.56,1.63,60683,0,0,0
20150105,1.63,1.69,1.61,1.67,43764,0,0,0
20150106,1.67,1.72,1.63,1.72,31130,0,0,0
20150107,1.72,1.75,1.69,1.72,28206,0,0,0
20150108,1.71,1.74,1.68,1.72,38890,0,0,0
20150109,1.72,1.74,1.69,1.71,45656,0,0,0
20150110,1.73,1.73,1.62,1.66,65124,0,0,0
20150111,1.66,1.69,1.62,1.64,43774,0,0,0
20150112,1.64,1.67,1.62,1.66,46532,0,0,0
20150113,1.66,1.67,1.33,1.35,77956,0,0,0
20150114,1.34,1.35,1.05,1.08,41255,0,0,0
20150115,1.08,1.35,1.08,1.29,31672,0,0,0
20150116,1.29,1.38,1.23,1.28,67351,0,0,0
20150117,1.27,1.29,1.18,1.22,29037,0,0,0
20150118,1.22,1.35,1.19,1.31,43795,0,0,0
20150119,1.31,1.37,1.31,1.37,53757,0,0,0
20150120,1.36,1.43,1.32,1.43,68855,0,0,0
20150121,1.43,1.62,1.42,1.60,108223,0,0,0
20150122,1.60,1.71,1.55,1.63,73737,0,0,0
20150123,1.63,1.64,1.56,1.59,70270,0,0,0
20150124,1.60,1.74,1.58,1.74,51767,0,0,0
20150125,1.74,1.82,1.72,1.81,60453,0,0,0
20150126,1.81,2.09,1.79,1.88,110222,0,0,0
20150127,1.87,1.89,1.68,1.82,73397,0,0,0
20150128,1.82,1.82,1.60,1.65,67481,0,0,0
20150129,1.64,1.68,1.58,1.64,67225,0,0,0
20150130,1.64,1.70,1.61,1.64,53994,0,0,0
20150131,1.64,1.68,1.60,1.61,33035,0,0,0
20150201,1.61,1.93,1.56,1.88,296157,0,0,0
20150202,1.88,1.96,1.78,1.93,154511,0,0,0
20150203,1.93,1.96,1.75,1.79,62006,0,0,0
20150204,1.78,1.86,1.77,1.83,58636,0,0,0
20150205,1.83,1.89,1.73,1.77,49522,0,0,0
20150206,1.77,1.87,1.74,1.79,40361,0,0,0
20150207,1.80,1.87,1.80,1.86,30169,0,0,0
20150208,1.86,1.86,1.80,1.84,44831,0,0,0
20150209,1.84,2.27,1.83,2.17,270445,0,0,0
20150210,2.16,2.49,2.06,2.49,238651,0,0,0
20150211,2.48,3.43,2.46,3.23,774898,0,0,0
20150212,3.20,3.40,2.67,2.81,549894,0,0,0
20150213,2.82,3.29,2.78,2.92,228439,0,0,0
20150214,2.92,3.14,2.75,2.88,208369,0,0,0
20150215,2.89,2.89,2.56,2.76,212369,0,0,0
20150216,2.77,2.90,2.69,2.75,76067,0,0,0
20150217,2.76,2.79,2.63,2.63,103557,0,0,0
20150218,2.64,2.85,2.51,2.84,98988,0,0,0
20150219,2.80,2.86,2.68,2.83,84624,0,0,0
20150220,2.83,2.83,2.66,2.74,61415,0,0,0
20150221,2.74,2.82,2.64,2.78,110159,0,0,0
20150222,2.78,2.86,2.47,2.53,75804,0,0,0
20150223,2.55,2.56,2.44,2.52,80898,0,0,0
20150224,2.53,2.98,2.46,2.94,170477,0,0,0
20150225,2.94,2.96,2.65,2.77,134546,0,0,0
20150226,2.77,2.80,2.67,2.73,74935,0,0,0
20150227,2.73,3.12,2.73,3.04,118275,0,0,0
20150228,3.03,3.24,2.95,3.24,110988,0,0,0
20150301,3.24,3.40,3.15,3.33,89917,0,0,0
20150302,3.33,3.68,3.27,3.62,154771,0,0,0
20150303,3.63,3.70,3.35,3.47,254781,0,0,0
20150304,3.45,3.77,3.40,3.50,193537,0,0,0
20150305,3.50,3.52,3.27,3.41,146630,0,0,0
20150306,3.41,3.47,3.29,3.33,73672,0,0,0
20150307,3.34,3.69,3.32,3.43,45834,0,0,0
20150308,3.43,3.45,3.35,3.39,32276,0,0,0
20150309,3.39,3.65,3.37,3.54,62809,0,0,0
20150310,3.54,3.54,2.92,3.03,399669,0,0,0
20150311,3.05,3.30,3.05,3.13,169890,0,0,0
20150312,3.13,3.22,3.06,3.07,108024,0,0,0
20150313,3.08,3.09,2.86,2.91,240126,0,0,0
20150314,2.90,3.12,2.84,2.93,140162,0,0,0
20150315,2.92,3.14,2.91,3.12,57656,0,0,0
20150316,3.13,3.34,2.97,3.30,209706,0,0,0
20150317,3.31,3.36,3.18,3.27,82356,0,0,0
20150318,3.27,3.40,3.06,3.09,149599,0,0,0
20150319,3.11,3.50,3.06,3.37,162473,0,0,0
20150320,3.35,3.83,3.34,3.70,290947,0,0,0
20150321,3.69,7.11,3.66,4.63,819105,0,0,0
20150322,4.64,4.83,4.32,4.61,342711,0,0,0
20150323,4.61,5.07,4.49,4.98,354223,0,0,0
20150324,4.98,5.25,4.73,5.07,540346,0,0,0
20150325,5.08,6.07,5.04,5.28,902236,0,0,0
20150326,5.28,5.56,4.77,4.99,480884,0,0,0
20150327,4.99,5.10,4.66,4.76,218735,0,0,0
20150328,4.75,5.05,4.71,5.04,206446,0,0,0
20150329,5.03,5.04,4.54,4.60,216958,0,0,0
20150330,4.60,4.61,4.03,4.34,447970,0,0,0
20150331,4.34,4.35,3.96,4.02,163313,0,0,0
20150401,4.02,4.02,3.70,3.83,242957,0,0,0
20150402,3.82,4.60,3.82,4.54,271324,0,0,0
20150403,4.52,4.56,4.28,4.36,138373,0,0,0
20150404,4.36,4.37,3.95,4.13,185199,0,0,0
20150405,4.12,4.21,3.95,4.17,136532,0,0,0
20150406,4.17,4.23,4.03,4.09,115405,0,0,0
20150407,4.09,4.12,3.72,3.78,205259,0,0,0
20150408,3.77,3.86,3.55,3.68,144498,0,0,0
20150409,3.68,3.87,3.38,3.42,172424,0,0,0
20150410,3.42,3.45,3.09,3.23,185593,0,0,0
20150411,3.24,3.43,3.24,3.33,87373,0,0,0
20150412,3.34,3.41,3.26,3.30,46830,0,0,0
20150413,3.31,3.32,3.15,3.21,93897,0,0,0
20150414,3.19,3.21,3.06,3.10,68149,0,0,0
20150415,3.10,3.12,2.98,3.02,82324,0,0,0
20150416,3.02,3.10,2.98,3.01,83054,0,0,0
20150417,3.01,3.03,2.78,2.83,118954,0,0,0
20150418,2.83,2.93,2.80,2.93,45925,0,0,0
20150419,2.93,2.93,2.78,2.80,57969,0,0,0
20150420,2.80,2.83,2.65,2.65,112126,0,0,0
20150421,2.65,2.91,2.62,2.89,80103,0,0,0
20150422,2.89,3.35,2.87,3.25,191228,0,0,0
20150423,3.25,3.74,3.10,3.63,275604,0,0,0
20150424,3.63,3.63,3.06,3.18,184435,0,0,0
20150425,3.19,3.29,3.07,3.10,56721,0,0,0
20150426,3.10,3.10,2.93,3.05,95532,0,0,0
20150427,3.05,3.16,2.92,2.99,88755,0,0,0
20150428,2.99,3.06,2.91,3.04,68693,0,0,0
20150429,3.02,3.05,2.89,2.97,30506,0,0,0
20150430,2.97,3.02,2.89,2.97,84241,0,0,0
20150501,2.97,3.01,2.69,2.74,149552,0,0,0
20150502,2.74,2.85,2.73,2.75,46992,0,0,0
20150503,2.75,2.83,2.69,2.70,63544,0,0,0
20150504,2.71,3.02,2.66,2.88,104785,0,0,0
20150505,2.88,2.90,2.78,2.85,26546,0,0,0
20150506,2.85,2.98,2.81,2.82,48370,0,0,0
20150507,2.82,2.85,2.74,2.81,60248,0,0,0
20150508,2.81,2.84,2.73,2.76,51411,0,0,0
20150509,2.77,2.79,2.71,2.76,35280,0,0,0
20150510,2.76,2.76,2.66,2.68,57877,0,0,0
20150511,2.68,2.81,2.64,2.76,73027,0,0,0
20150512,2.77,2.78,2.70,2.71,44614,0,0,0
20150513,2.72,2.77,2.67,2.69,36403,0,0,0
20150514,2.69,2.87,2.66,2.84,81538,0,0,0
20150515,2.84,2.94,2.84,2.87,75968,0,0,0
20150516,2.88,3.06,2.85,3.00,74901,0,0,0
20150517,3.00,3.03,2.91,2.93,52827,0,0,0
20150518,2.93,2.95,2.83,2.86,42345,0,0,0
20150519,2.86,2.90,2.79,2.89,34282,0,0,0
20150520,2.89,2.90,2.78,2.88,48146,0,0,0
20150521,2.88,2.91,2.84,2.84,37087,0,0,0
20150522,2.84,2.95,2.81,2.91,108165,0,0,0
20150523,2.91,2.92,2.87,2.87,90345,0,0,0
20150524,2.87,2.93,2.87,2.90,49767,0,0,0
20150525,2.90,2.91,2.80,2.82,55790,0,0,0
20150526,2.82,2.90,2.60,2.67,133789,0,0,0
20150527,2.67,2.71,2.59,2.63,59342,0,0,0
20150528,2.63,2.83,2.61,2.74,69233,0,0,0
20150529,2.74,2.85,2.72,2.82,48749,0,0,0
20150530,2.82,2.84,2.69,2.71,36938,0,0,0
20150531,2.71,2.84,2.70,2.76,57640,0,0,0
20150601,2.76,2.78,2.64,2.65,75761,0,0,0
20150602,2.66,2.82,2.64,2.80,68367,0,0,0
20150603,2.80,2.87,2.73,2.75,76345,0,0,0
20150604,2.76,2.83,2.72,2.80,40277,0,0,0
20150605,2.80,2.84,2.72,2.82,43312,0,0,0
20150606,2.82,2.86,2.79,2.82,36093,0,0,0
20150607,2.82,2.85,2.79,2.81,55832,0,0,0
20150608,2.80,2.88,2.80,2.83,78536,0,0,0
20150609,2.83,2.85,2.76,2.77,83639,0,0,0
20150610,2.76,2.77,2.65,2.70,93836,0,0,0
20150611,2.70,2.78,2.68,2.78,67222,0,0,0
20150612,2.78,2.90,2.74,2.80,107756,0,0,0
20150613,2.80,2.85,2.77,2.80,68398,0,0,0
20150614,2.80,2.83,2.75,2.81,87100,0,0,0
20150615,2.81,2.85,2.72,2.74,102014,0,0,0
20150616,2.74,2.99,2.73,2.99,109178,0,0,0
20150617,2.99,3.15,2.91,3.00,127588,0,0,0
20150618,3.01,3.02,2.91,2.96,80459,0,0,0
20150619,2.96,2.98,2.88,2.90,76937,0,0,0
20150620,2.90,2.90,2.82,2.87,49018,0,0,0
20150621,2.87,2.88,2.82,2.84,42407,0,0,0
20150622,2.84,2.90,2.84,2.89,60758,0,0,0
20150623,2.89,2.89,2.84,2.85,32546,0,0,0
20150624,2.85,2.88,2.81,2.81,66207,0,0,0
20150625,2.81,2.84,2.80,2.83,82226,0,0,0
20150626,2.83,2.87,2.81,2.82,67021,0,0,0
20150627,2.82,2.87,2.78,2.79,117087,0,0,0
20150628,2.79,2.81,2.68,2.73,80605,0,0,0
20150629,2.73,2.79,2.71,2.79,65253,0,0,0
20150630,2.79,2.93,2.77,2.86,105757,0,0,0
20150701,2.86,2.90,2.78,2.82,49329,0,0,0
20150702,2.80,2.92,2.79,2.91,58716,0,0,0
20150703,2.92,2.99,2.87,2.96,65144,0,0,0
20150704,2.96,3.11,2.93,3.09,134776,0,0,0
20150705,3.09,3.17,3.05,3.09,98324,0,0,0
20150706,3.10,3.21,3.07,3.09,91597,0,0,0
20150707,3.09,3.12,2.96,2.97,77829,0,0,0
20150708,2.96,3.07,2.94,2.98,71222,0,0,0
20150709,2.99,3.13,2.96,3.11,146037,0,0,0
20150710,3.11,4.24,3.08,4.05,607002,0,0,0
20150711,4.07,4.38,3.74,3.84,396245,0,0,0
20150712,3.84,4.25,3.83,4.10,136193,0,0,0
20150713,4.10,4.10,3.66,3.74,181667,0,0,0
20150714,3.75,3.83,3.72,3.72,71054,0,0,0
20150715,3.71,3.77,3.63,3.66,133041,0,0,0
20150716,3.64,3.76,3.49,3.53,87908,0,0,0
20150717,3.54,3.83,3.48,3.76,142970,0,0,0
20150718,3.76,3.99,3.67,3.71,140104,0,0,0
20150719,3.71,3.71,3.60,3.62,66114,0,0,0
20150720,3.62,3.72,3.61,3.69,73913,0,0,0
20150721,3.70,3.73,3.58,3.60,106480,0,0,0
20150722,3.60,3.65,3.57,3.63,50817,0,0,0
20150723,3.63,3.65,3.54,3.58,34491,0,0,0
20150724,3.59,3.71,3.50,3.69,129128,0,0,0
20150725,3.69,3.77,3.65,3.75,64293,0,0,0
20150726,3.75,3.85,3.69,3.78,100372,0,0,0
20150727,3.78,3.83,3.68,3.76,105583,0,0,0
20150728,3.75,3.83,3.69,3.69,99350,0,0,0
20150729,3.69,3.70,3.63,3.64,62902,0,0,0
20150730,3.64,3.70,3.60,3.64,49738,0,0,0
20150731,3.65,3.73,3.61,3.68,69967,0,0,0
20150801,3.68,3.70,3.52,3.61,63209,0,0,0
20150802,3.61,3.65,3.56,3.62,42888,0,0,0
20150803,3.62,3.67,3.56,3.61,56701,0,0,0
20150804,3.61,3.72,3.61,3.64,93372,0,0,0
20150805,3.64,3.67,3.57,3.58,55070,0,0,0
20150806,3.58,3.58,3.51,3.52,48908,0,0,0
20150807,3.51,3.52,3.23,3.26,229950,0,0,0
20150808,3.27,3.29,3.06,3.08,91264,0,0,0
20150809,3.08,3.20,3.08,3.11,77488,0,0,0
20150810,3.10,3.15,3.06,3.08,59702,0,0,0
20150811,3.08,3.16,3.06,3.16,73134,0,0,0
20150812,3.16,3.18,3.06,3.06,113443,0,0,0
20150813,3.05,3.07,3.00,3.06,66249,0,0,0
20150814,3.06,3.10,3.02,3.03,74860,0,0,0
20150815,3.02,3.06,2.96,2.98,37005,0,0,0
20150816,2.98,2.99,2.88,2.94,46752,0,0,0
20150817,2.95,3.12,2.91,2.91,80183,0,0,0
20150818,2.91,2.91,2.67,2.67,83076,0,0,0
20150819,2.60,2.78,2.58,2.64,74748,0,0,0
20150820,2.64,2.80,2.63,2.78,49346,0,0,0
20150821,2.78,2.80,2.74,2.76,49749,0,0,0
20150822,2.76,2.78,2.62,2.68,52550,0,0,0
20150823,2.68,2.72,2.62,2.64,30625,0,0,0
20150824,2.63,2.64,2.38,2.38,125485,0,0,0
20150825,2.37,2.56,2.24,2.53,69322,0,0,0
20150826,2.53,2.66,2.49,2.61,37719,0,0,0
20150827,2.61,2.63,2.54,2.56,37604,0,0,0
20150828,2.56,2.64,2.51,2.60,57595,0,0,0
20150829,2.60,2.62,2.55,2.60,39992,0,0,0
20150830,2.60,2.63,2.53,2.56,27911,0,0,0
20150831,2.56,2.59,2.52,2.58,74703,0,0,0
20150901,2.58,2.60,2.53,2.54,70243,0,0,0
20150902,2.54,2.55,2.50,2.51,60914,0,0,0
20150903,2.51,2.52,2.46,2.47,23020,0,0,0
20150904,2.48,2.50,2.42,2.45,60516,0,0,0
20150905,2.44,2.53,2.36,2.51,38313,0,0,0
20150906,2.51,2.56,2.47,2.49,28927,0,0,0
20150907,2.49,2.50,2.37,2.38,69592,0,0,0
20150908,2.37,2.41,2.20,2.33,90735,0,0,0
20150909,2.32,2.57,2.32,2.44,64860,0,0,0
20150910,2.44,2.48,2.33,2.38,46341,0,0,0
20150911,2.38,2.43,2.35,2.38,57649,0,0,0
20150912,2.38,2.46,2.35,2.43,37555,0,0,0
20150913,2.43,2.48,2.30,2.34,53764,0,0,0
20150914,2.33,2.35,2.27,2.31,57107,0,0,0
20150915,2.31,2.62,2.29,2.32,46640,0,0,0
20150916,2.32,2.40,2.30,2.37,68240,0,0,0
20150917,2.39,11.43,2.35,2.37,32167,0,0,0
20150918,2.37,2.47,2.35,2.46,36051,0,0,0
20150919,2.46,2.48,2.36,2.36,18461,0,0,0
20150920,2.36,2.59,2.29,2.39,88240,0,0,0
20150921,2.39,2.43,2.32,2.35,84512,0,0,0
20150922,2.36,2.50,2.36,2.46,42311,0,0,0
20150923,2.46,2.53,2.40,2.43,36011,0,0,0
20150924,2.43,2.48,2.38,2.44,36581,0,0,0
20150925,2.44,2.49,2.41,2.45,31730,0,0,0
20150926,2.46,2.46,2.33,2.33,45583,0,0,0
20150927,2.33,2.39,2.33,2.36,26485,0,0,0
20150928,2.37,2.42,2.35,2.38,45147,0,0,0
20150929,2.38,2.40,2.34,2.34,33688,0,0,0
20150930,2.34,2.37,2.34,2.34,36433,0,0,0
20151001,2.34,2.36,2.29,2.29,48612,0,0,0
20151002,2.29,2.32,2.21,2.22,49335,0,0,0
20151003,2.22,2.23,2.14,2.17,50128,0,0,0
20151004,2.17,2.18,2.13,2.17,41353,0,0,0
20151005,2.17,2.43,2.16,2.34,74426,0,0,0
20151006,2.34,2.39,2.32,2.39,23826,0,0,0
20151007,2.39,2.45,2.39,2.40,40949,0,0,0
20151008,2.40,2.43,2.35,2.38,39245,0,0,0
20151009,2.37,2.41,2.32,2.36,28997,0,0,0
20151010,2.36,2.43,2.33,2.43,18355,0,0,0
20151011,2.43,2.43,2.32,2.39,20054,0,0,0
20151012,2.37,2.39,2.29,2.34,22087,0,0,0
20151013,2.34,2.38,2.28,2.35,33118,0,0,0
20151014,2.36,2.40,2.32,2.32,53349,0,0,0
20151015,2.31,2.36,2.21,2.25,80585,0,0,0
20151016,2.25,2.39,2.24,2.34,40319,0,0,0
20151017,2.34,2.47,2.33,2.43,36100,0,0,0
20151018,2.44,2.45,2.33,2.37,21270,0,0,0
20151019,2.37,2.39,2.33,2.34,39396,0,0,0
20151020,2.34,2.44,2.34,2.41,46076,0,0,0
20151021,2.40,2.44,2.27,2.28,54704,0,0,0
20151022,2.28,2.43,2.25,2.41,77999,0,0,0
20151023,2.41,2.44,2.28,2.33,74068,0,0,0
20151024,2.32,2.34,2.16,2.24,69810,0,0,0
20151025,2.26,2.36,2.17,2.17,53908,0,0,0
20151026,2.18,2.24,2.12,2.24,40748,0,0,0
20151027,2.24,2.29,2.04,2.10,112810,0,0,0
20151028,2.12,2.22,2.10,2.14,62319,0,0,0
20151029,2.11,2.42,2.09,2.39,109579,0,0,0
20151030,2.41,2.73,2.37,2.54,118931,0,0,0
20151031,2.54,2.63,2.27,2.31,33529,0,0,0
20151101,2.31,2.78,2.26,2.66,79513,0,0,0
20151102,2.66,2.70,2.43,2.61,88803,0,0,0
20151103,2.61,2.91,2.54,2.69,138710,0,0,0
20151104,2.70,2.85,2.37,2.61,251429,0,0,0
20151105,2.61,2.82,2.25,2.53,131813,0,0,0
20151106,2.55,2.73,2.39,2.70,89250,0,0,0
20151107,2.73,2.84,2.62,2.71,65014,0,0,0
20151108,2.71,2.84,2.53,2.53,55256,0,0,0
20151109,2.54,2.60,2.43,2.53,76637,0,0,0
20151110,2.53,2.63,2.37,2.42,49166,0,0,0
20151111,2.42,2.48,2.14,2.29,96053,0,0,0
20151112,2.28,2.58,2.28,2.54,86587,0,0,0
20151113,2.52,2.60,2.39,2.53,60866,0,0,0
20151114,2.54,2.59,2.36,2.36,66693,0,0,0
20151115,2.38,2.44,2.29,2.31,39255,0,0,0
20151116,2.29,2.38,2.23,2.31,41181,0,0,0
20151117,2.32,2.38,2.22,2.26,59102,0,0,0
20151118,2.26,2.38,2.25,2.36,31679,0,0,0
20151119,2.36,2.36,2.21,2.21,48039,0,0,0
20151120,2.21,2.25,2.13,2.23,28463,0,0,0
20151121,2.23,2.25,2.16,2.20,26400,0,0,0
20151122,2.20,2.22,2.05,2.06,28487,0,0,0
20151123,2.08,2.16,2.05,2.14,31968,0,0,0
20151124,2.14,2.14,2.07,2.08,24757,0,0,0
20151125,2.08,2.16,2.05,2.15,23152,0,0,0
20151126,2.15,2.34,2.12,2.19,58542,0,0,0
20151127,2.18,2.23,2.13,2.16,32579,0,0,0
20151128,2.16,2.16,2.07,2.08,25565,0,0,0
20151129,2.08,2.17,2.07,2.15,26013,0,0,0
20151130,2.15,2.24,2.11,2.17,49178,0,0,0
20151201,2.17,2.18,2.05,2.08,37007,0,0,0
20151202,2.09,2.19,2.03,2.18,45288,0,0,0
20151203,2.19,2.40,2.19,2.34,77349,0,0,0
20151204,2.33,2.36,2.30,2.34,36114,0,0,0
20151205,2.35,2.44,2.29,2.32,61252,0,0,0
20151206,2.32,2.47,2.31,2.34,55270,0,0,0
20151207,2.33,2.38,2.29,2.33,40495,0,0,0
20151208,2.33,2.40,2.28,2.40,44093,0,0,0
20151209,2.41,2.70,2.37,2.51,121460,0,0,0
20151210,2.50,2.52,2.44,2.44,31690,0,0,0
20151211,2.44,2.71,2.44,2.69,46393,0,0,0
20151212,2.70,2.79,2.43,2.58,47864,0,0,0
20151213,2.59,2.75,2.54,2.73,67091,0,0,0
20151214,2.76,2.89,2.68,2.69,102466,0,0,0
20151215,2.69,2.76,2.64,2.68,58882,0,0,0
20151216,2.69,2.73,2.55,2.69,46530,0,0,0
20151217,2.69,2.69,2.57,2.61,40819,0,0,0
20151218,2.61,2.65,2.58,2.65,39821,0,0,0
20151219,2.65,2.69,2.58,2.61,27223,0,0,0
20151220,2.61,2.64,2.46,2.49,39518,0,0,0
20151221,2.50,2.51,2.41,2.47,43767,0,0,0
20151222,2.47,2.60,2.46,2.55,47646,0,0,0
20151223,2.55,2.60,2.48,2.53,51744,0,0,0
20151224,2.53,2.78,2.53,2.77,83730,0,0,0
20151225,2.77,2.94,2.72,2.83,99786,0,0,0
20151226,2.83,2.98,2.68,2.77,96357,0,0,0
20151227,2.73,2.73,2.60,2.65,37590,0,0,0
20151228,2.64,3.05,2.63,2.98,88281,0,0,0
20151229,3.03,3.09,2.92,3.09,141636,0,0,0
20151230,3.09,4.65,3.09,3.52,524544,0,0,0
20151231,3.52,3.61,3.08,3.27,191862,0,0,0
20160101,3.33,3.54,3.24,3.38,98317,0,0,0
20160102,3.38,3.43,3.24,3.28,62353,0,0,0
20160103,3.29,3.35,3.13,3.24,87155,0,0,0
20160104,3.25,3.35,3.24,3.32,65748,0,0,0
20160105,3.32,3.44,3.29,3.33,71861,0,0,0
20160106,3.33,3.40,3.29,3.38,34542,0,0,0
20160107,3.37,3.45,3.31,3.38,116373,0,0,0
20160108,3.41,3.42,3.26,3.31,76706,0,0,0
20160109,3.30,3.37,3.18,3.18,39174,0,0,0
20160110,3.18,3.29,2.83,3.29,167678,0,0,0
20160111,3.28,3.35,3.07,3.15,99815,0,0,0
20160112,3.17,3.17,2.92,3.03,130485,0,0,0
20160113,3.03,3.14,2.97,3.10,57266,0,0,0
20160114,3.10,3.58,3.09,3.40,176887,0,0,0
20160115,3.36,3.71,3.31,3.36,431794,0,0,0
20160116,3.34,4.40,3.34,3.89,1878320,0,0,0
20160117,3.88,5.19,3.76,4.95,560892,0,0,0
20160118,4.94,4.94,4.27,4.37,464263,0,0,0
20160119,4.40,4.54,3.87,3.87,277216,0,0,0
20160120,3.86,4.83,3.79,4.77,307278,0,0,0
20160121,4.76,5.15,4.52,5.15,289153,0,0,0
20160122,5.22,6.29,4.73,5.13,1096190,0,0,0
20160123,5.05,5.14,4.22,4.49,677578,0,0,0
20160124,4.51,4.82,4.14,4.40,320311,0,0,0
20160125,4.41,4.41,3.63,4.02,410300,0,0,0
20160126,3.98,4.69,3.88,4.52,298849,0,0,0
20160127,4.49,4.67,4.05,4.20,301964,0,0,0
20160128,4.19,4.37,4.02,4.22,185032,0,0,0
20160129,4.25,4.47,4.06,4.39,126718,0,0,0
20160130,4.39,4.44,4.11,4.29,136278,0,0,0
20160131,4.29,4.32,3.96,4.11,147359,0,0,0
20160201,4.11,4.23,4.01,4.12,61713,0,0,0
20160202,4.14,4.24,4.05,4.11,125829,0,0,0
20160203,4.10,9.34,4.01,4.18,85544,0,0,0
20160204,4.18,4.36,4.12,4.29,100963,0,0,0
20160205,4.29,4.38,4.23,4.28,56705,0,0,0
20160206,4.32,4.32,4.15,4.19,70855,0,0,0
20160207,4.21,4.38,4.14,4.21,108239,0,0,0
20160208,4.18,4.31,4.11,4.16,70569,0,0,0
20160209,4.16,4.19,3.95,3.97,164368,0,0,0
20160210,3.97,4.17,3.78,3.84,193410,0,0,0
20160211,3.78,3.91,3.19,3.26,243649,0,0,0
20160212,3.26,4.04,3.26,3.79,182601,0,0,0
20160213,3.79,3.89,3.57,3.77,120917,0,0,0
20160214,3.80,3.92,3.75,3.80,60426,0,0,0
20160215,3.80,4.17,3.74,3.78,112454,0,0,0
20160216,3.78,4.02,3.48,3.48,180945,0,0,0
20160217,3.47,3.82,3.44,3.68,150307,0,0,0
20160218,3.69,3.77,3.13,3.53,247042,0,0,0
20160219,3.54,3.75,3.47,3.51,120692,0,0,0
20160220,3.51,3.69,3.51,3.64,91429,0,0,0
20160221,3.63,4.20,3.60,4.00,165716,0,0,0
20160222,4.00,4.27,3.93,4.20,185000,0,0,0
20160223,4.11,4.23,3.74,3.80,214434,0,0,0
20160224,3.80,4.09,3.72,4.02,120323,0,0,0
20160225,4.02,4.04,3.81,3.91,125778,0,0,0
20160226,3.93,4.01,3.82,3.97,77086,0,0,0
20160227,3.98,4.09,3.91,4.08,113700,0,0,0
20160228,4.08,4.09,3.94,4.00,150601,0,0,0
20160229,4.00,4.03,3.88,3.92,140688,0,0,0
20160301,3.92,4.04,3.81,3.90,195998,0,0,0
20160302,3.90,4.01,3.86,3.88,126503,0,0,0
20160303,3.88,4.84,3.82,4.71,505229,0,0,0
20160304,4.63,5.13,4.35,4.63,657278,0,0,0
20160305,4.62,5.38,4.53,4.87,590483,0,0,0
20160306,4.92,5.14,4.58,4.58,487244,0,0,0
20160307,4.58,4.73,4.30,4.30,305007,0,0,0
20160308,4.29,4.61,4.19,4.60,250496,0,0,0
20160309,4.62,4.71,4.51,4.57,200317,0,0,0
20160310,4.57,5.30,4.49,4.92,476033,0,0,0
20160311,4.93,5.36,4.88,5.15,342455,0,0,0
20160312,5.19,5.39,4.96,5.31,313635,0,0,0
20160313,5.35,6.03,5.31,5.68,738440,0,0,0
20160314,5.68,5.99,5.42,5.54,395433,0,0,0
20160315,5.53,5.92,5.36,5.84,310793,0,0,0
20160316,5.86,6.56,5.77,6.33,953870,0,0,0
20160317,6.33,6.44,5.64,5.98,595131,0,0,0
20160318,5.98,6.17,5.66,5.95,301156,0,0,0
20160319,5.94,6.12,5.78,5.99,261243,0,0,0
20160320,5.77,6.14,5.77,6.12,220354,0,0,0
20160321,6.12,6.46,6.01,6.01,398501,0,0,0
20160322,5.97,6.25,5.91,6.09,287782,0,0,0
20160323,6.10,6.61,6.02,6.59,532087,0,0,0
20160324,6.67,6.69,6.28,6.66,461165,0,0,0
20160325,6.66,7.53,6.59,7.44,878166,0,0,0
20160326,7.44,7.44,7.03,7.21,362976,0,0,0
20160327,7.21,7.32,6.82,7.05,441517,0,0,0
20160328,7.05,7.37,6.53,7.06,577452,0,0,0
20160329,7.06,7.18,6.88,7.08,268689,0,0,0
20160330,7.09,7.11,6.76,6.78,280500,0,0,0
20160331,6.78,6.98,6.78,6.88,220521,0,0,0
20160401,6.90,7.10,6.71,7.07,189159,0,0,0
20160402,7.12,7.21,7.04,7.05,157191,0,0,0
20160403,7.05,7.13,6.65,7.00,351429,0,0,0
20160404,7.00,7.05,6.88,6.96,141900,0,0,0
20160405,6.97,7.37,6.97,7.07,420016,0,0,0
20160406,7.06,7.17,7.00,7.02,189714,0,0,0
20160407,7.02,7.10,6.90,6.90,174662,0,0,0
20160408,6.88,7.08,6.88,6.99,218748,0,0,0
20160409,6.98,6.99,6.28,6.68,490236,0,0,0
20160410,6.68,6.89,6.12,6.54,874074,0,0,0
20160411,6.51,6.63,6.30,6.35,230475,0,0,0
20160412,6.36,6.58,6.30,6.50,334270,0,0,0
20160413,6.50,6.56,6.40,6.51,223697,0,0,0
20160414,6.51,6.53,6.34,6.41,218510,0,0,0
20160415,6.42,6.42,5.98,6.03,303991,0,0,0
20160416,6.02,6.43,5.97,6.30,287896,0,0,0
20160417,6.31,6.45,6.23,6.40,206734,0,0,0
20160418,6.36,6.41,6.07,6.23,211282,0,0,0
20160419,6.24,6.44,6.21,6.39,204854,0,0,0
20160420,6.40,6.52,6.31,6.35,247651,0,0,0
20160421,6.35,6.42,6.19,6.19,187613,0,0,0
20160422,6.22,6.38,6.09,6.28,239961,0,0,0
20160423,6.28,6.52,6.18,6.51,241922,0,0,0
20160424,6.50,6.61,6.37,6.44,236604,0,0,0
20160425,6.43,6.43,6.13,6.17,269831,0,0,0
20160426,6.21,6.24,5.81,6.08,249141,0,0,0
20160427,6.10,6.62,5.95,6.28,422258,0,0,0
20160428,6.33,6.56,6.25,6.46,224846,0,0,0
20160429,6.46,6.67,6.32,6.60,281894,0,0,0
20160430,6.62,6.86,6.56,6.83,293789,0,0,0
20160501,6.82,6.87,6.69,6.79,229207,0,0,0
20160502,6.79,6.87,6.64,6.83,265828,0,0,0
20160503,6.80,6.88,6.75,6.80,180138,0,0,0
20160504,6.79,6.90,6.76,6.84,196202,0,0,0
20160505,6.84,6.88,6.74,6.82,186158,0,0,0
20160506,6.82,6.84,6.67,6.77,215622,0,0,0
20160507,6.75,6.78,6.53,6.58,254392,0,0,0
20160508,6.58,6.77,6.55,6.69,164290,0,0,0
20160509,6.68,6.69,6.55,6.59,172995,0,0,0
20160510,6.59,6.81,6.52,6.79,275287,0,0,0
20160511,6.82,6.84,6.65,6.76,214337,0,0,0
20160512,6.76,6.84,6.61,6.78,224735,0,0,0
20160513,6.80,6.98,6.70,6.97,282706,0,0,0
20160514,6.95,6.99,6.79,6.95,215702,0,0,0
20160515,6.95,7.07,6.86,7.00,163629,0,0,0
20160516,7.02,7.73,7.01,7.27,624372,0,0,0
20160517,7.27,7.41,7.22,7.41,233869,0,0,0
20160518,7.40,7.43,7.27,7.39,232479,0,0,0
20160519,7.39,7.81,7.35,7.70,390961,0,0,0
20160520,7.67,8.68,7.66,7.95,630261,0,0,0
20160521,7.95,8.40,7.76,8.24,362889,0,0,0
20160522,8.27,8.32,8.03,8.10,308676,0,0,0
20160523,8.06,8.17,7.92,8.10,228942,0,0,0
20160524,8.09,8.19,7.72,7.76,312203,0,0,0
20160525,7.75,7.86,7.46,7.61,310684,0,0,0
20160526,7.62,7.71,7.34,7.39,206517,0,0,0
20160527,7.42,7.56,7.08,7.50,414196,0,0,0
20160528,7.47,7.94,7.41,7.85,367974,0,0,0
20160529,7.85,8.53,7.76,8.19,400555,0,0,0
20160530,8.19,8.36,8.12,8.20,212989,0,0,0
20160531,8.19,8.39,7.99,8.18,341324,0,0,0
20160601,8.18,8.37,8.08,8.26,320823,0,0,0
20160602,8.23,8.24,7.93,8.10,318685,0,0,0
20160603,8.12,8.31,7.78,8.06,447007,0,0,0
20160604,8.06,8.20,7.85,8.05,445286,0,0,0
20160605,8.04,8.17,7.58,7.58,537053,0,0,0
20160606,7.59,7.86,7.58,7.77,302748,0,0,0
20160607,7.77,8.01,7.68,7.91,339881,0,0,0
20160608,7.93,8.04,7.68,7.88,272918,0,0,0
20160609,7.88,7.94,7.72,7.82,303753,0,0,0
20160610,7.79,8.12,7.78,7.84,475334,0,0,0
20160611,7.83,7.95,7.61,7.90,475115,0,0,0
20160612,7.93,8.03,7.48,7.66,897877,0,0,0
20160613,7.65,7.99,7.46,7.72,600793,0,0,0
20160614,7.71,8.41,7.63,8.20,584298,0,0,0
20160615,8.20,8.58,8.00,8.14,491191,0,0,0
20160616,8.16,8.68,8.16,8.59,368946,0,0,0
20160617,8.66,8.91,8.10,8.36,545419,0,0,0
20160618,8.36,8.62,8.05,8.16,448647,0,0,0
20160619,8.16,8.32,7.94,7.99,556704,0,0,0
20160620,7.99,8.31,7.90,8.29,572251,0,0,0
20160621,8.27,8.42,7.64,7.78,568810,0,0,0
20160622,7.75,8.02,7.29,7.34,552499,0,0,0
20160623,7.38,7.51,6.91,7.24,425205,0,0,0
20160624,7.24,7.64,6.88,7.13,552216,0,0,0
20160625,7.11,7.25,6.65,6.86,463260,0,0,0
20160626,6.86,7.18,6.72,6.78,275629,0,0,0
20160627,6.78,7.04,6.68,7.01,264512,0,0,0
20160628,7.06,7.16,6.88,6.91,286458,0,0,0
20160629,6.92,7.05,6.86,6.99,255225,0,0,0
20160630,6.99,7.24,6.94,7.13,331408,0,0,0
20160701,7.13,7.39,7.11,7.24,251575,0,0,0
20160702,7.23,7.43,7.09,7.18,279444,0,0,0
20160703,7.19,7.31,6.99,7.01,259776,0,0,0
20160704,7.02,7.24,6.91,7.08,189054,0,0,0
20160705,7.09,7.09,6.83,6.99,237373,0,0,0
20160706,6.94,7.13,6.90,6.98,243442,0,0,0
20160707,6.98,7.19,6.77,7.03,425808,0,0,0
20160708,6.98,7.48,6.95,7.45,314761,0,0,0
20160709,7.47,7.47,7.01,7.36,268561,0,0,0
20160710,7.35,7.49,7.30,7.42,268877,0,0,0
20160711,7.44,8.05,7.41,7.96,672593,0,0,0
20160712,7.97,8.26,7.82,7.84,474628,0,0,0
20160713,7.86,7.97,7.72,7.84,289681,0,0,0
20160714,7.86,7.91,7.70,7.75,194024,0,0,0
20160715,7.73,8.34,7.69,8.09,365346,0,0,0
20160716,8.09,8.34,8.06,8.26,284036,0,0,0
20160717,8.25,8.33,8.06,8.12,248488,0,0,0
20160718,8.15,8.29,8.10,8.22,273466,0,0,0
20160719,8.22,8.57,8.18,8.50,410793,0,0,0
20160720,8.53,8.57,8.31,8.44,287009,0,0,0
20160721,8.43,9.06,8.32,8.96,435825,0,0,0
20160722,8.95,9.55,8.89,9.25,867493,0,0,0
20160723,9.27,9.47,9.07,9.31,435897,0,0,0
20160724,9.36,9.78,9.21,9.21,370757,0,0,0
20160725,9.24,9.27,8.99,9.13,314414,0,0,0
20160726,9.15,9.21,8.63,8.86,531920,0,0,0
20160727,8.90,9.33,8.77,9.15,378749,0,0,0
20160728,9.15,9.35,9.15,9.31,237187,0,0,0
20160729,9.32,9.47,9.30,9.46,212714,0,0,0
20160730,9.45,9.48,9.19,9.22,275617,0,0,0
20160731,9.18,9.57,9.00,9.51,318887,0,0,0
20160801,9.45,10.48,9.45,9.90,1088710,0,0,0
20160802,10.02,10.24,9.06,9.16,1182910,0,0,0
20160803,9.29,9.64,9.11,9.33,719797,0,0,0
20160804,9.32,9.55,9.21,9.53,413348,0,0,0
20160805,9.53,9.83,9.45,9.72,284062,0,0,0
20160806,9.71,10.71,9.69,10.55,638130,0,0,0
20160807,10.59,10.65,10.13,10.35,458848,0,0,0
20160808,10.34,10.51,10.10,10.38,453814,0,0,0
20160809,10.35,10.56,10.29,10.30,365466,0,0,0
20160810,10.32,10.51,10.23,10.44,357513,0,0,0
20160811,10.44,11.22,10.40,11.08,534511,0,0,0
20160812,11.09,12.86,10.77,12.59,2030400,0,0,0
20160813,12.56,13.61,12.09,12.91,1847650,0,0,0
20160814,12.82,15.05,12.74,14.48,3708120,0,0,0
20160815,14.52,14.94,12.60,13.30,3240540,0,0,0
20160816,13.23,13.32,11.48,12.87,2724180,0,0,0
20160817,12.91,13.05,12.25,12.55,1054880,0,0,0
20160818,12.45,14.18,12.45,13.86,2019880,0,0,0
20160819,13.83,14.83,13.30,13.78,2879380,0,0,0
20160820,13.75,14.09,12.93,13.10,1451660,0,0,0
20160821,13.09,13.69,12.97,13.41,1177950,0,0,0
20160822,13.41,14.45,13.41,14.21,1409370,0,0,0
20160823,14.35,14.35,12.63,13.42,1404690,0,0,0
20160824,13.49,13.62,12.95,13.28,797964,0,0,0
20160825,13.31,13.45,12.30,12.31,935742,0,0,0
20160826,12.29,12.86,11.96,12.74,736721,0,0,0
20160827,12.75,12.86,12.33,12.57,2547960,0,0,0
20160828,12.59,12.80,12.19,12.42,932715,0,0,0
20160829,12.36,12.79,10.91,11.68,1761660,0,0,0
20160830,11.65,11.90,11.43,11.77,761521,0,0,0
20160831,11.77,12.20,11.45,11.89,961216,0,0,0
20160901,11.89,11.93,11.37,11.45,651970,0,0,0
20160902,11.46,11.55,11.33,11.36,790593,0,0,0
20160903,11.37,11.54,10.85,11.45,1215250,0,0,0
20160904,11.36,11.56,10.72,11.39,966253,0,0,0
20160905,11.36,11.69,11.13,11.27,639547,0,0,0
20160906,11.27,11.36,10.92,10.92,532044,0,0,0
20160907,10.94,11.40,10.83,11.28,669651,0,0,0
20160908,11.28,11.69,11.24,11.69,637683,0,0,0
20160909,11.68,11.68,11.14,11.22,453318,0,0,0
20160910,11.20,11.47,11.01,11.42,748265,0,0,0
20160911,11.42,11.62,10.96,11.14,583102,0,0,0
20160912,11.16,12.82,11.10,12.26,1357900,0,0,0
20160913,12.31,13.00,12.10,13.00,775508,0,0,0
20160914,13.00,13.00,12.36,12.71,683059,0,0,0
20160915,12.74,12.74,12.14,12.21,592210,0,0,0
20160916,12.21,12.27,11.64,11.72,519023,0,0,0
20160917,11.72,11.93,11.54,11.78,385226,0,0,0
20160918,11.77,11.85,11.61,11.64,378121,0,0,0
20160919,11.68,11.75,11.35,11.54,548366,0,0,0
20160920,11.52,11.58,11.23,11.41,447288,0,0,0
20160921,11.47,11.72,11.17,11.53,639852,0,0,0
20160922,11.54,11.70,11.32,11.54,462190,0,0,0
20160923,11.52,11.70,11.40,11.54,346538,0,0,0
20160924,11.55,11.60,11.43,11.53,248501,0,0,0
20160925,11.52,11.66,11.46,11.55,293042,0,0,0
20160926,11.56,11.61,11.30,11.41,466947,0,0,0
20160927,11.41,11.64,11.38,11.64,437637,0,0,0
20160928,11.64,11.64,11.47,11.59,380292,0,0,0
20160929,11.59,12.15,11.58,12.01,627955,0,0,0
20160930,12.04,12.25,11.74,12.10,624527,0,0,0
20161001,12.10,12.11,11.67,11.71,599642,0,0,0
20161002,11.71,11.97,11.64,11.78,418786,0,0,0
20161003,11.79,12.27,11.78,11.89,485966,0,0,0
20161004,11.88,12.06,11.70,12.06,428041,0,0,0
20161005,12.05,12.06,11.83,12.03,459125,0,0,0
20161006,12.05,12.26,12.00,12.06,572725,0,0,0
20161007,12.05,12.13,11.75,11.87,540185,0,0,0
20161008,11.88,11.99,11.65,11.72,362282,0,0,0
20161009,11.73,11.86,11.59,11.59,389417,0,0,0
20161010,11.59,11.76,11.57,11.69,342278,0,0,0
20161011,11.69,11.84,11.48,11.73,616754,0,0,0
20161012,11.74,11.97,11.33,11.43,535850,0,0,0
20161013,11.43,11.67,11.39,11.44,351218,0,0,0
20161014,11.44,11.68,11.41,11.53,434177,0,0,0
20161015,11.52,11.63,11.05,11.10,421471,0,0,0
20161016,11.10,11.29,10.85,10.85,421644,0,0,0
20161017,10.84,10.88,10.52,10.62,501778,0,0,0
20161018,10.62,10.62,9.97,10.21,622564,0,0,0
20161019,10.20,10.46,10.13,10.29,623278,0,0,0
20161020,10.30,10.78,10.24,10.50,1118960,0,0,0
20161021,10.55,10.87,10.46,10.77,1101460,0,0,0
20161022,10.77,10.78,10.26,10.36,1057070,0,0,0
20161023,10.37,10.47,9.95,9.96,1071280,0,0,0
20161024,9.96,10.16,9.77,9.85,1138230,0,0,0
20161025,9.86,10.00,9.08,9.41,1147660,0,0,0
20161026,9.39,9.55,8.95,9.34,1507430,0,0,0
20161027,9.32,9.91,9.14,9.71,1527680,0,0,0
20161028,9.72,9.73,9.05,9.07,1102490,0,0,0
20161029,9.07,9.36,8.05,8.61,1459460,0,0,0
20161030,8.63,9.72,8.63,9.67,1180810,0,0,0
20161031,9.68,9.90,9.05,9.20,1001140,0,0,0
20161101,9.21,9.34,8.65,9.04,1334790,0,0,0
20161102,9.01,9.36,8.80,8.94,1234770,0,0,0
20161103,8.99,9.44,8.79,9.12,1443680,0,0,0
20161104,9.13,9.29,8.96,9.13,1315030,0,0,0
20161105,9.12,9.26,9.05,9.21,764091,0,0,0
20161106,9.21,9.48,9.13,9.40,1174590,0,0,0
20161107,9.40,9.92,9.27,9.92,1597080,0,0,0
20161108,9.88,10.49,9.70,9.76,1509000,0,0,0
20161109,9.73,10.00,9.40,9.70,951744,0,0,0
20161110,9.67,9.76,9.53,9.67,621946,0,0,0
20161111,9.65,9.74,9.51,9.67,978517,0,0,0
20161112,9.69,9.86,9.56,9.64,1066110,0,0,0
20161113,9.63,9.72,9.40,9.49,828714,0,0,0
20161114,9.54,9.74,9.45,9.68,619525,0,0,0
20161115,9.70,9.73,9.50,9.64,899729,0,0,0
20161116,9.64,9.67,9.10,9.45,850986,0,0,0
20161117,9.44,9.46,9.01,9.02,1037810,0,0,0
20161118,9.02,9.11,8.79,8.95,867850,0,0,0
20161119,8.96,8.97,8.42,8.48,1120590,0,0,0
20161120,8.50,8.61,8.32,8.51,837398,0,0,0
20161121,8.49,8.62,8.41,8.58,685102,0,0,0
20161122,8.58,8.84,8.55,8.63,822084,0,0,0
20161123,8.67,8.73,8.47,8.51,798355,0,0,0
20161124,8.44,9.14,8.34,9.13,929254,0,0,0
20161125,9.14,9.18,8.76,9.10,1170070,0,0,0
20161126,9.11,9.13,8.79,8.90,947235,0,0,0
20161127,8.90,9.17,8.89,9.09,1058670,0,0,0
20161128,9.07,9.14,8.95,8.96,848792,0,0,0
20161129,8.96,9.05,8.62,8.82,1402230,0,0,0
20161130,8.82,8.95,8.75,8.91,605542,0,0,0
20161201,8.91,8.94,8.70,8.74,672328,0,0,0
20161202,8.75,8.86,8.61,8.66,823934,0,0,0
20161203,8.64,8.92,8.61,8.88,939632,0,0,0
20161204,8.87,9.01,8.66,8.82,889416,0,0,0
20161205,8.80,8.90,8.48,8.56,979175,0,0,0
20161206,8.56,8.81,8.49,8.80,1016800,0,0,0
20161207,8.78,8.82,8.66,8.68,787296,0,0,0
20161208,8.69,8.79,8.66,8.75,713673,0,0,0
20161209,8.75,8.85,8.72,8.83,870014,0,0,0
20161210,8.84,8.93,8.81,8.88,781253,0,0,0
20161211,8.88,9.59,8.78,9.54,1065390,0,0,0
20161212,9.52,9.66,9.07,9.10,1054770,0,0,0
20161213,9.07,9.43,9.05,9.39,971378,0,0,0
20161214,9.40,9.42,9.10,9.16,1416530,0,0,0
20161215,9.18,9.39,9.08,9.30,1999050,0,0,0
20161216,9.29,9.98,9.17,9.89,1951350,0,0,0
20161217,9.87,9.91,9.39,9.74,1964650,0,0,0
20161218,9.72,9.94,9.64,9.89,1935260,0,0,0
20161219,9.88,10.53,9.87,10.32,2089000,0,0,0
20161220,10.33,10.51,10.22,10.22,2236060,0,0,0
20161221,10.23,10.27,9.78,9.81,2189580,0,0,0
20161222,9.84,9.93,9.21,9.79,2611390,0,0,0
20161223,9.77,9.90,9.24,9.56,2883150,0,0,0
20161224,9.59,10.02,9.59,9.83,2686220,0,0,0
20161225,9.82,10.17,9.78,10.01,2578850,0,0,0
20161226,9.98,10.17,9.70,9.70,2106310,0,0,0
20161227,9.72,9.91,9.45,9.74,2285700,0,0,0
20161228,9.73,10.36,9.72,10.07,2490150,0,0,0
20161229,10.05,11.05,10.01,10.85,3237930,0,0,0
20161230,10.83,11.44,10.72,11.11,4445310,0,0,0
20161231,11.14,11.33,10.93,11.21,3468330,0,0,0
20170101,11.21,11.49,10.96,11.23,3684210,0,0,0
20170102,11.27,11.96,11.24,11.81,3800380,0,0,0
20170103,11.81,13.05,11.81,12.78,3846520,0,0,0
20170104,12.81,16.96,12.75,16.52,4901250,0,0,0
20170105,16.58,17.11,12.94,14.38,2579450,0,0,0
20170106,14.42,14.87,11.87,12.03,2262740,0,0,0
20170107,11.96,12.59,11.39,12.44,2542530,0,0,0
20170108,12.42,13.12,12.19,12.54,3118970,0,0,0
20170109,12.57,12.60,12.03,12.09,2365630,0,0,0
20170110,12.02,12.65,11.98,12.49,1391630,0,0,0
20170111,12.47,12.80,10.83,11.30,3100210,0,0,0
20170112,11.29,12.53,11.05,12.22,8272830,0,0,0
20170113,12.21,12.66,11.50,12.59,8400930,0,0,0
20170114,12.59,12.66,12.00,12.08,7960870,0,0,0
20170115,12.08,12.55,12.02,12.39,4362180,0,0,0
20170116,12.37,13.08,12.04,12.94,3715630,0,0,0
20170117,12.92,14.41,12.91,14.25,1810660,0,0,0
20170118,14.25,14.30,13.48,14.06,1510760,0,0,0
20170119,14.12,15.28,14.12,15.18,2170870,0,0,0
20170120,15.14,15.48,14.83,15.16,2021010,0,0,0
20170121,15.19,15.37,14.83,14.97,1958960,0,0,0
20170122,15.00,15.52,14.96,15.11,1918440,0,0,0
20170123,15.13,15.32,14.99,15.19,1553800,0,0,0
20170124,15.11,15.11,13.91,14.09,2694720,0,0,0
20170125,14.10,14.61,13.90,14.51,1656580,0,0,0
20170126,14.49,15.05,14.43,15.04,1348170,0,0,0
20170127,15.06,15.41,14.99,15.34,1303190,0,0,0
20170128,15.33,15.36,15.07,15.27,1333010,0,0,0
20170129,15.26,15.65,15.17,15.51,1363910,0,0,0
20170130,15.50,16.03,15.50,15.96,2046270,0,0,0
20170131,15.93,16.22,15.78,16.07,1384500,0,0,0
20170201,16.05,16.24,15.65,16.03,2139000,0,0,0
20170202,15.98,16.41,15.85,16.31,1350760,0,0,0
20170203,16.31,17.61,16.31,17.52,1818910,0,0,0
20170204,17.55,17.74,17.28,17.62,1598070,0,0,0
20170205,17.54,17.67,16.84,17.06,1905980,0,0,0
20170206,17.07,17.24,16.70,17.12,1025680,0,0,0
20170207,17.11,17.51,17.04,17.14,1388260,0,0,0
20170208,17.14,17.40,16.85,17.35,1552640,0,0,0
20170209,17.34,17.60,15.69,16.58,1793860,0,0,0
20170210,16.58,16.89,15.84,16.67,1386930,0,0,0
20170211,16.69,17.22,16.60,17.15,1216530,0,0,0
20170212,17.15,17.15,16.83,16.91,1264080,0,0,0
20170213,16.88,17.05,16.63,16.88,1464030,0,0,0
20170214,16.85,18.37,16.80,18.15,1948330,0,0,0
20170215,18.10,19.66,17.70,19.63,3355410,0,0,0
20170216,19.64,19.81,19.14,19.52,2859140,0,0,0
20170217,19.47,20.15,19.19,20.00,1859180,0,0,0
20170218,20.05,21.53,20.05,21.41,3498460,0,0,0
20170219,21.46,23.73,21.44,22.55,5688120,0,0,0
20170220,22.60,22.94,21.24,21.59,4159380,0,0,0
20170221,21.60,22.10,20.45,21.25,4093200,0,0,0
20170222,21.24,22.19,20.99,22.12,2625710,0,0,0
20170223,22.09,25.23,22.09,25.22,4664780,0,0,0
20170224,25.05,29.38,23.79,26.20,10322700,0,0,0
20170225,26.23,27.11,23.61,26.76,7377240,0,0,0
20170226,26.67,28.23,25.44,28.11,4656680,0,0,0
20170227,28.10,28.64,27.47,28.18,4064580,0,0,0
20170228,28.24,33.38,27.95,32.51,10042800,0,0,0
20170301,32.62,46.75,32.33,42.54,31700200,0,0,0
20170302,42.47,58.90,37.30,42.44,72796200,0,0,0
20170303,44.04,51.40,38.54,47.38,33651400,0,0,0
20170304,47.17,48.81,43.35,43.38,14949600,0,0,0
20170305,43.14,44.82,39.68,42.31,12260100,0,0,0
20170306,42.22,47.33,42.22,46.50,12933400,0,0,0
20170307,46.57,46.92,44.14,45.68,9034640,0,0,0
20170308,45.55,45.60,42.15,42.33,7640390,0,0,0
20170309,42.24,53.38,41.65,51.06,21013500,0,0,0
20170310,51.09,54.72,47.23,50.42,24723800,0,0,0
20170311,50.40,74.11,50.15,72.93,55127200,0,0,0
20170312,72.71,80.79,65.98,77.08,46099200,0,0,0
20170313,76.96,81.03,70.36,74.61,36706700,0,0,0
20170314,74.61,91.39,73.37,88.24,37180000,0,0,0
20170315,89.06,101.76,85.78,95.09,68173100,0,0,0
20170316,95.42,99.21,80.53,89.81,54538700,0,0,0
20170317,89.56,100.04,81.95,99.14,44263600,0,0,0
20170318,101.04,120.52,95.06,109.24,74763700,0,0,0
20170319,107.55,113.92,98.71,108.23,44670100,0,0,0
20170320,108.16,110.66,99.53,100.05,25082500,0,0,0
20170321,99.91,104.21,90.85,95.38,40860300,0,0,0
20170322,95.68,111.16,89.47,101.51,46138100,0,0,0
20170323,101.26,103.43,98.97,101.43,15500100,0,0,0
20170324,101.58,108.86,94.87,97.27,33033000,0,0,0
20170325,96.98,99.42,91.47,94.33,23040200,0,0,0
20170326,94.31,95.58,91.66,93.63,20996100,0,0,0
20170327,93.63,93.98,78.89,85.66,45830500,0,0,0
20170328,84.28,90.63,80.93,87.89,24886900,0,0,0
20170329,87.82,88.04,83.12,84.40,18209000,0,0,0
20170330,84.42,84.75,77.54,79.61,26036700,0,0,0
20170331,79.51,81.75,67.66,74.91,37471500,0,0,0
20170401,74.30,74.30,66.85,68.60,17542100,0,0,0
20170402,68.26,71.20,54.95,57.07,26723500,0,0,0
20170403,56.73,65.87,47.10,61.76,42403200,0,0,0
20170404,63.42,71.84,57.89,69.07,33869600,0,0,0
20170405,69.12,77.60,66.35,74.37,31084000,0,0,0
20170406,74.45,74.45,64.28,66.53,21464900,0,0,0
20170407,66.47,69.96,64.11,66.19,13046400,0,0,0
20170408,66.08,68.89,65.50,67.75,10316300,0,0,0
20170409,67.80,68.29,64.55,64.70,8535590,0,0,0
20170410,64.73,65.40,60.06,61.31,12222700,0,0,0
20170411,61.30,62.50,59.23,60.53,12016500,0,0,0
20170412,60.71,68.48,59.15,68.00,21914300,0,0,0
20170413,68.10,76.26,65.76,72.57,29296100,0,0,0
20170414,72.61,73.54,68.54,70.77,15477900,0,0,0
20170415,70.81,77.79,69.45,75.01,17237300,0,0,0
20170416,75.07,76.76,74.48,75.34,11539500,0,0,0
20170417,75.32,75.97,74.20,75.64,10470900,0,0,0
20170418,75.63,76.22,71.08,72.83,14595000,0,0,0
20170419,72.76,75.63,72.27,72.28,11688300,0,0,0
20170420,72.18,72.74,71.03,71.45,9144880,0,0,0
20170421,71.48,72.80,70.57,70.88,9790840,0,0,0
20170422,70.85,72.52,70.35,71.22,9913170,0,0,0
20170423,71.18,72.24,68.77,68.89,8328060,0,0,0
20170424,68.93,72.22,68.93,72.20,7918480,0,0,0
20170425,72.19,72.94,71.62,72.07,8641860,0,0,0
20170426,72.04,72.23,70.68,71.53,8605760,0,0,0
20170427,71.52,80.62,71.08,78.17,18560500,0,0,0
20170428,78.02,80.93,77.32,79.49,16201200,0,0,0
20170429,79.67,100.46,79.67,94.95,39496900,0,0,0
20170430,94.21,97.13,88.80,91.55,19963300,0,0,0
20170501,91.50,96.37,84.92,88.12,22978900,0,0,0
20170502,87.91,89.42,83.40,86.24,14430400,0,0,0
20170503,86.24,90.46,84.00,90.08,18749400,0,0,0
20170504,90.12,96.70,90.06,92.80,26417800,0,0,0
20170505,92.87,105.36,92.87,99.01,29039200,0,0,0
20170506,99.18,101.57,97.44,99.76,17201700,0,0,0
20170507,99.53,111.68,98.42,106.28,30297200,0,0,0
20170508,106.55,107.04,95.46,101.10,26320700,0,0,0
20170509,101.12,103.81,82.49,93.30,33359200,0,0,0
20170510,92.89,97.19,89.82,91.52,17906900,0,0,0
20170511,91.62,93.94,90.14,91.54,15996300,0,0,0
20170512,91.80,92.43,85.88,86.80,15467900,0,0,0
20170513,86.75,89.75,83.50,89.35,14419400,0,0,0
20170514,89.56,90.97,88.53,89.80,12006000,0,0,0
20170515,89.88,91.90,84.60,91.49,15672900,0,0,0
20170516,91.68,91.68,85.09,85.59,14638900,0,0,0
20170517,85.64,85.79,81.89,83.26,15847600,0,0,0
20170518,83.21,89.80,83.21,89.73,14126000,0,0,0
20170519,89.87,101.10,88.77,98.98,25889600,0,0,0
20170520,98.83,105.87,98.69,100.77,22378100,0,0,0
20170521,100.72,102.35,98.01,102.03,19898000,0,0,0
20170522,101.67,146.80,96.29,120.73,76089200,0,0,0
20170523,120.38,144.18,117.86,138.07,51407800,0,0,0
20170524,139.10,157.09,139.10,144.63,47161500,0,0,0
20170525,143.20,145.14,118.68,119.63,60488800,0,0,0
20170526,118.61,139.46,110.03,112.94,45411400,0,0,0
20170527,113.35,117.76,89.05,99.20,39936600,0,0,0
20170528,100.42,115.58,100.42,108.14,39651700,0,0,0
20170529,107.93,119.20,105.64,117.26,35802200,0,0,0
20170530,117.17,127.00,115.40,121.13,42919400,0,0,0
20170531,121.85,141.84,117.98,135.97,59781000,0,0,0
20170601,136.47,147.94,131.64,136.08,46692500,0,0,0
20170602,137.08,145.88,136.33,145.29,39172500,0,0,0
20170603,145.28,148.42,142.80,144.29,39144000,0,0,0
20170604,143.88,143.89,140.43,143.35,28248800,0,0,0
20170605,143.41,145.86,142.00,144.92,40209200,0,0,0
20170606,145.43,147.96,134.27,145.19,66883600,0,0,0
20170607,145.25,153.76,138.17,140.36,44240500,0,0,0
20170608,140.82,146.10,139.47,145.03,29049200,0,0,0
20170609,144.94,149.69,144.94,148.93,28944700,0,0,0
20170610,149.13,152.48,147.84,152.00,32894500,0,0,0
20170611,151.99,200.12,151.99,188.27,155786000,0,0,0
20170612,187.10,197.17,162.31,170.78,79698800,0,0,0
20170613,171.27,183.97,171.27,183.97,51568400,0,0,0
20170614,183.65,191.58,156.18,163.21,53986500,0,0,0
20170615,163.12,166.05,143.32,163.35,48167500,0,0,0
20170616,163.63,167.65,158.43,166.25,35834400,0,0,0
20170617,166.21,183.85,166.16,178.13,58241000,0,0,0
20170618,178.52,193.93,176.12,193.53,77003000,0,0,0
20170619,193.21,208.42,192.88,201.26,98763400,0,0,0
20170620,201.37,203.71,180.61,187.91,58960400,0,0,0
20170621,187.77,188.09,175.04,178.81,40445100,0,0,0
20170622,179.29,183.33,175.72,177.06,37412700,0,0,0
20170623,177.03,193.47,177.03,189.26,42975000,0,0,0
20170624,189.31,190.52,178.61,182.62,35863100,0,0,0
20170625,182.35,183.43,169.30,172.88,36111800,0,0,0
20170626,172.96,175.91,149.22,162.89,40405300,0,0,0
20170627,162.89,176.02,153.94,176.02,48931600,0,0,0
20170628,177.01,185.97,174.59,184.13,27008600,0,0,0
20170629,183.17,184.48,176.72,177.17,42548600,0,0,0
20170630,177.30,184.58,177.30,181.77,48166300,0,0,0
20170701,181.66,182.29,165.63,165.71,42283100,0,0,0
20170702,165.61,174.10,163.99,173.49,33257700,0,0,0
20170703,173.37,182.58,171.91,180.79,40038200,0,0,0
20170704,180.22,187.30,180.22,183.06,51222900,0,0,0
20170705,183.05,212.66,181.06,209.48,93285800,0,0,0
20170706,210.34,227.89,205.37,213.17,114292000,0,0,0
20170707,212.72,213.08,194.80,196.46,59581400,0,0,0
20170708,196.15,211.31,187.21,209.20,41486800,0,0,0
20170709,209.64,212.48,195.64,195.64,44286500,0,0,0
20170710,195.99,197.38,170.06,174.40,38824100,0,0,0
20170711,173.63,180.37,159.99,165.73,44860900,0,0,0
20170712,165.03,179.89,159.54,179.89,30198600,0,0,0
20170713,179.83,182.61,169.57,171.24,24269400,0,0,0
20170714,171.48,171.91,156.49,161.08,26831900,0,0,0
20170715,161.28,163.44,139.91,140.14,30810000,0,0,0
20170716,139.65,143.54,119.17,132.64,35385900,0,0,0
20170717,132.34,154.91,132.34,153.85,32658200,0,0,0
20170718,154.50,165.70,146.25,158.07,28103500,0,0,0
20170719,157.98,170.25,153.87,155.65,28281400,0,0,0
20170720,154.85,193.87,154.85,188.59,98932600,0,0,0
20170721,188.58,193.80,180.68,185.86,32884200,0,0,0
20170722,186.13,195.55,185.55,195.31,23312700,0,0,0
20170723,195.02,195.74,187.26,191.03,31110400,0,0,0
20170724,191.11,216.62,187.29,204.02,90278800,0,0,0
20170725,204.04,212.40,189.03,195.52,84970400,0,0,0
20170726,195.49,200.88,189.33,194.37,38380000,0,0,0
20170727,195.08,199.43,192.47,194.09,26363200,0,0,0
20170728,194.00,196.91,181.57,185.61,30108800,0,0,0
20170729,185.11,187.66,169.34,185.25,40505200,0,0,0
20170730,185.45,187.95,172.47,172.82,25327200,0,0,0
20170731,173.15,180.05,171.76,178.51,29249300,0,0,0
20170801,179.20,186.23,177.26,184.75,34656300,0,0,0
20170802,185.16,186.24,181.42,182.93,19076200,0,0,0
20170803,183.17,189.19,180.28,186.99,25612400,0,0,0
20170804,186.92,189.96,186.13,186.97,28791800,0,0,0
20170805,186.96,195.55,185.73,193.83,41127900,0,0,0
20170806,193.71,195.00,188.43,189.13,25336000,0,0,0
20170807,189.07,197.91,187.05,197.19,32441600,0,0,0
20170808,196.58,205.50,194.97,203.84,35117200,0,0,0
20170809,203.74,205.87,193.33,199.21,31657100,0,0,0
20170810,199.56,205.54,195.78,200.96,30972000,0,0,0
20170811,200.82,209.11,199.59,205.79,28677400,0,0,0
20170812,206.22,210.64,201.38,205.49,30017500,0,0,0
20170813,205.59,207.19,192.14,198.17,36281800,0,0,0
20170814,198.32,202.89,195.35,199.44,29888400,0,0,0
20170815,199.80,206.13,192.73,203.52,37532600,0,0,0
20170816,203.85,233.53,198.92,232.02,63100100,0,0,0
20170817,231.58,260.60,229.08,233.62,98375500,0,0,0
20170818,233.84,240.41,219.42,224.28,50324200,0,0,0
20170819,224.67,329.98,224.67,288.70,220487000,0,0,0
20170820,288.20,327.25,287.82,294.20,107973000,0,0,0
20170821,293.77,300.52,275.94,279.58,58023900,0,0,0
20170822,280.29,299.98,260.53,291.50,74971200,0,0,0
20170823,290.46,299.14,287.73,292.57,47798300,0,0,0
20170824,292.96,315.37,291.19,315.37,58804500,0,0,0
20170825,317.91,320.65,306.68,315.89,53632700,0,0,0
20170826,315.28,409.77,315.28,399.85,267415000,0,0,0
20170827,400.42,400.63,358.23,362.89,121516000,0,0,0
20170828,362.50,369.19,351.24,356.78,57630700,0,0,0
20170829,357.16,367.34,354.49,359.55,50014900,0,0,0
20170830,359.59,375.70,358.69,368.34,44586300,0,0,0
20170831,368.57,380.34,368.18,378.32,34978600,0,0,0
20170901,377.92,393.35,376.34,393.35,55440700,0,0,0
20170902,393.53,395.92,329.27,350.17,54813400,0,0,0
20170903,354.63,373.08,338.23,356.39,34945200,0,0,0
20170904,356.94,357.21,301.84,316.13,44170200,0,0,0
20170905,316.88,333.83,286.53,327.23,53928800,0,0,0
20170906,328.15,348.45,326.95,347.17,35294300,0,0,0
20170907,346.45,347.57,333.80,343.91,24715700,0,0,0
20170908,343.53,368.17,317.95,333.21,63012500,0,0,0
20170909,334.95,335.13,313.69,323.14,23244600,0,0,0
20170910,323.24,323.24,295.86,320.11,27435400,0,0,0
20170911,322.02,332.12,315.91,318.40,25159900,0,0,0
20170912,318.42,328.60,318.42,325.97,27190400,0,0,0
20170913,324.72,325.16,287.25,301.29,28322500,0,0,0
20170914,301.11,303.74,236.24,236.24,35013800,0,0,0
20170915,236.05,300.11,220.51,284.36,72695500,0,0,0
20170916,284.50,301.23,276.57,298.86,43702600,0,0,0
20170917,298.59,315.58,278.17,313.84,38081600,0,0,0
20170918,311.89,335.44,311.89,333.00,56189000,0,0,0
20170919,333.64,334.27,312.91,324.26,34362500,0,0,0
20170920,323.78,351.19,316.72,342.43,74246200,0,0,0
20170921,342.41,369.07,321.81,330.05,146454000,0,0,0
20170922,331.11,355.75,331.11,346.58,90613000,0,0,0
20170923,346.76,358.44,342.39,350.79,55928100,0,0,0
20170924,350.40,358.04,331.17,331.85,111537000,0,0,0
20170925,330.63,346.35,330.63,345.09,58356100,0,0,0
20170926,345.08,349.49,338.35,339.10,45406700,0,0,0
20170927,338.69,348.49,337.57,346.43,52033700,0,0,0
20170928,345.97,346.54,328.83,338.25,49620000,0,0,0
20170929,337.93,338.89,318.70,327.70,38011000,0,0,0
20170930,327.34,331.81,326.16,327.14,27802400,0,0,0
20171001,326.94,327.50,315.76,315.80,25835800,0,0,0
20171002,315.95,320.79,306.57,308.69,29696600,0,0,0
20171003,308.56,310.21,291.70,296.24,37104400,0,0,0
20171004,296.74,315.79,296.74,305.46,40983500,0,0,0
20171005,305.39,307.54,296.74,305.40,27180400,0,0,0
20171006,305.25,311.21,304.36,306.88,22935800,0,0,0
20171007,307.54,314.22,303.77,310.49,27552700,0,0,0
20171008,310.25,315.02,301.11,302.48,33683300,0,0,0
20171009,299.70,300.84,271.83,283.67,52085800,0,0,0
20171010,283.55,296.02,280.08,291.27,32941200,0,0,0
20171011,291.41,301.50,286.64,298.40,26434900,0,0,0
20171012,298.12,298.40,290.04,291.91,42625600,0,0,0
20171013,292.39,311.69,289.19,310.38,69258500,0,0,0
20171014,310.23,319.02,306.94,316.69,43951700,0,0,0
20171015,317.01,317.01,294.34,309.51,45301300,0,0,0
20171016,309.46,310.98,300.75,302.21,38139700,0,0,0
20171017,302.28,304.33,298.17,299.88,42569400,0,0,0
20171018,300.02,300.19,280.05,297.26,38693900,0,0,0
20171019,297.85,300.16,291.89,295.47,30741800,0,0,0
20171020,295.41,301.66,288.19,289.19,47125400,0,0,0
20171021,288.95,290.12,272.08,277.86,47244600,0,0,0
20171022,277.93,283.88,269.73,275.70,46070400,0,0,0
20171023,275.44,291.24,263.91,284.23,52259300,0,0,0
20171024,283.94,302.65,277.20,293.20,59674600,0,0,0
20171025,294.47,298.78,283.92,289.14,43986700,0,0,0
20171026,289.03,292.41,282.78,286.13,49309000,0,0,0
20171027,286.14,289.13,279.33,280.48,38421900,0,0,0
20171028,281.42,287.92,272.36,275.69,47092100,0,0,0
20171029,275.25,288.60,275.25,283.93,75483100,0,0,0
20171030,283.65,287.69,282.32,285.94,40805700,0,0,0
20171031,285.39,286.21,278.73,279.15,50260500,0,0,0
20171101,278.50,279.67,270.77,271.56,50960300,0,0,0
20171102,271.79,272.78,251.56,265.31,72437900,0,0,0
20171103,263.89,281.39,262.98,278.59,62984900,0,0,0
20171104,278.58,280.96,271.31,274.68,49462600,0,0,0
20171105,274.33,277.00,270.29,273.17,41028900,0,0,0
20171106,273.47,280.44,268.46,275.68,60053700,0,0,0
20171107,274.87,304.55,274.87,293.38,92431200,0,0,0
20171108,293.04,316.63,289.09,316.33,103556000,0,0,0
20171109,315.48,337.23,311.82,326.01,110840000,0,0,0
20171110,325.27,353.36,308.46,329.57,116352000,0,0,0
20171111,331.43,349.08,321.04,346.06,88651000,0,0,0
20171112,345.68,536.12,327.80,536.12,476198000,0,0,0
20171113,507.05,530.94,403.50,427.37,310886000,0,0,0
20171114,428.31,447.92,408.95,427.54,123854000,0,0,0
20171115,428.08,444.38,418.47,424.41,103157000,0,0,0
20171116,424.51,427.85,412.84,418.18,97321300,0,0,0
20171117,420.59,436.02,412.45,424.98,95099300,0,0,0
20171118,424.35,483.10,423.25,454.74,145255000,0,0,0
20171119,455.36,455.66,431.79,442.31,82954600,0,0,0
20171120,442.03,502.53,438.42,486.54,104701000,0,0,0
20171121,500.24,519.42,454.48,494.21,245163000,0,0,0
20171122,494.76,594.53,494.29,578.85,381958000,0,0,0
20171123,577.25,583.73,557.12,566.68,173698000,0,0,0
20171124,564.34,573.20,553.58,566.63,129105000,0,0,0
20171125,566.96,656.13,566.96,643.57,242807000,0,0,0
20171126,641.46,646.28,617.74,621.62,145500000,0,0,0
20171127,621.15,638.95,611.79,632.30,134862000,0,0,0
20171128,632.44,637.06,616.31,626.42,149795000,0,0,0
20171129,626.26,815.01,625.37,677.39,415879000,0,0,0
20171130,681.13,826.95,670.99,786.93,498872000,0,0,0
20171201,787.47,806.37,756.48,797.53,286044000,0,0,0
20171202,797.90,802.12,769.39,778.43,188147000,0,0,0
20171203,778.78,806.70,744.39,768.88,192447000,0,0,0
20171204,770.57,778.05,738.59,774.01,152281000,0,0,0
20171205,774.71,779.98,754.27,756.36,201103000,0,0,0
20171206,756.01,785.18,692.02,700.07,249073000,0,0,0
20171207,699.99,714.51,667.83,697.90,249305000,0,0,0
20171208,700.68,766.04,659.86,726.67,288291000,0,0,0
20171209,727.64,774.65,707.32,723.61,211738000,0,0,0
20171210,723.23,723.83,645.16,688.67,190183000,0,0,0
20171211,688.55,768.93,688.15,765.40,184131000,0,0,0
20171212,765.96,948.65,746.94,932.03,370539000,0,0,0
20171213,925.02,931.21,810.96,886.88,268426000,0,0,0
20171214,884.21,968.47,866.63,941.11,259303000,0,0,0
20171215,943.32,947.28,850.63,900.52,191527000,0,0,0
20171216,901.22,1001.51,897.29,1001.51,195788000,0,0,0
20171217,1014.51,1178.18,1014.51,1105.92,460594000,0,0,0
20171218,1110.16,1195.74,1044.76,1167.12,278638000,0,0,0
20171219,1165.03,1254.28,1126.85,1186.63,302869000,0,0,0
20171220,1184.92,1642.22,1167.30,1550.85,816872000,0,0,0
20171221,1555.59,1622.26,1371.39,1434.82,476900000,0,0,0
20171222,1441.90,1452.45,864.37,1179.01,510588000,0,0,0
20171223,1198.74,1362.96,1160.04,1275.50,327129000,0,0,0
20171224,1286.73,1286.73,1090.21,1184.69,230643000,0,0,0
20171225,1190.53,1235.22,1162.45,1175.89,195124000,0,0,0
20171226,1173.71,1227.72,1169.34,1222.83,231985000,0,0,0
20171227,1227.95,1255.25,1163.47,1189.89,211339000,0,0,0
20171228,1188.51,1188.67,1063.81,1160.57,190296000,0,0,0
20171229,1165.88,1187.55,1070.62,1147.95,195177000,0,0,0
20171230,1147.48,1147.48,948.24,1011.47,184834000,0,0,0
20171231,1002.99,1093.39,985.10,1051.68,154690000,0,0,0
20180101,1054.07,1072.42,1016.57,1053.98,138567000,0,0,0
20180102,1055.14,1241.70,1055.14,1217.72,257110000,0,0,0
20180103,1208.84,1216.57,1144.69,1170.74,175843000,0,0,0
20180104,1173.71,1316.86,1097.56,1229.79,284845000,0,0,0
20180105,1221.63,1273.36,1151.11,1152.41,237504000,0,0,0
20180106,1157.09,1279.47,1147.49,1265.03,215058000,0,0,0
20180107,1266.43,1394.28,1266.43,1285.43,230576000,0,0,0
20180108,1283.36,1320.28,1007.55,1087.75,215239000,0,0,0
20180109,1085.75,1134.49,1055.21,1111.86,220569000,0,0,0
20180110,1115.48,1117.33,1041.39,1106.36,231944000,0,0,0
20180111,1103.03,1110.68,973.07,1007.88,176591000,0,0,0
20180112,1013.06,1069.42,982.91,1054.87,142442000,0,0,0
20180113,1054.88,1125.29,1054.88,1100.26,174387000,0,0,0
20180114,1098.06,1110.54,996.49,1014.07,168878000,0,0,0
20180115,1006.43,1030.90,939.19,939.19,179247000,0,0,0
20180116,937.57,937.57,644.54,759.62,273462000,0,0,0
20180117,758.29,827.18,619.58,793.57,197477000,0,0,0
20180118,800.02,892.00,760.48,835.49,172729000,0,0,0
20180119,833.30,875.40,805.67,846.16,126837000,0,0,0
20180120,853.05,959.04,848.98,926.12,162376000,0,0,0
20180121,928.13,930.18,802.41,818.27,109775000,0,0,0
20180122,825.69,847.58,710.57,763.20,100651000,0,0,0
20180123,763.13,796.99,692.93,757.34,110265000,0,0,0
20180124,757.11,797.54,734.41,775.11,116898000,0,0,0
20180125,788.77,819.09,782.13,795.65,114378000,0,0,0
20180126,793.92,815.83,741.85,782.41,100517000,0,0,0
20180127,782.87,788.67,753.37,773.84,115618000,0,0,0
20180128,777.05,815.91,767.28,812.24,122949000,0,0,0
20180129,811.84,818.31,747.13,767.69,114750000,0,0,0
20180130,767.73,781.68,675.32,676.91,112419000,0,0,0
20180131,678.93,699.31,654.86,697.46,97657100,0,0,0
20180201,698.79,704.55,582.21,617.04,109256000,0,0,0
20180202,616.62,616.62,453.43,586.88,143263000,0,0,0
20180203,589.17,645.85,533.25,637.37,83763700,0,0,0
20180204,637.01,649.37,533.99,549.96,80706600,0,0,0
20180205,545.32,553.60,435.42,451.43,78015400,0,0,0
20180206,454.17,533.55,383.97,528.50,114171000,0,0,0
20180207,524.70,584.48,493.67,521.99,79763600,0,0,0
