DATE,OPEN,HIGH,LOW,CLOSE,VOL,P,R,RINFO
20150807,2.83,3.54,2.52,2.77,164329,0,0,0
20150808,2.79,2.80,0.714725,0.753325,674188,0,0,0
20150809,0.706136,0.879810,0.629191,0.701897,532170,0,0,0
20150810,0.713989,0.729854,0.636546,0.708448,405283,0,0,0
20150811,0.708087,1.13,0.663235,1.07,1463100,0,0,0
20150812,1.06,1.29,0.883608,1.22,2150620,0,0,0
20150813,1.22,1.97,1.17,1.83,4068680,0,0,0
20150814,1.81,2.26,1.75,1.83,4637030,0,0,0
20150815,1.80,1.88,1.57,1.69,2554360,0,0,0
20150816,1.68,1.70,1.09,1.57,3550790,0,0,0
20150817,1.58,1.58,1.19,1.20,1942830,0,0,0
20150818,1.22,1.33,1.09,1.09,1485680,0,0,0
20150819,1.17,1.32,1.17,1.26,1486240,0,0,0
20150820,1.25,1.53,1.25,1.46,2843760,0,0,0
20150821,1.48,1.56,1.35,1.40,2020970,0,0,0
20150822,1.40,1.48,1.35,1.38,948310,0,0,0
20150823,1.38,1.41,1.30,1.35,1589300,0,0,0
20150824,1.35,1.36,1.23,1.23,924920,0,0,0
20150825,1.23,1.24,1.13,1.14,1307180,0,0,0
20150826,1.13,1.20,1.06,1.16,1056750,0,0,0
20150827,1.17,1.19,1.14,1.15,686662,0,0,0
20150828,1.15,1.21,1.12,1.19,721872,0,0,0
20150829,1.19,1.21,1.15,1.18,375377,0,0,0
20150830,1.18,1.37,1.17,1.32,1337650,0,0,0
20150831,1.32,1.40,1.20,1.36,1447180,0,0,0
20150901,1.35,1.39,1.34,1.35,778862,0,0,0
20150902,1.35,1.35,1.26,1.29,883769,0,0,0
20150903,1.30,1.31,1.21,1.26,702991,0,0,0
20150904,1.26,1.30,1.24,1.27,474391,0,0,0
20150905,1.28,1.34,1.27,1.34,448453,0,0,0
20150906,1.34,1.37,1.29,1.30,491968,0,0,0
20150907,1.30,1.31,1.24,1.25,489014,0,0,0
20150908,1.25,1.28,1.23,1.24,427892,0,0,0
20150909,1.24,1.26,1.20,1.21,366748,0,0,0
20150910,1.21,1.22,1.14,1.17,662782,0,0,0
20150911,1.16,1.17,0.940675,0.982978,1942600,0,0,0
20150912,0.987228,1.11,0.969780,1.04,772430,0,0,0
20150913,1.04,1.04,0.902832,0.936003,644138,0,0,0
20150914,0.940566,0.949387,0.871760,0.875622,741085,0,0,0
20150915,0.875189,1.05,0.875189,0.944410,703390,0,0,0
20150916,0.941977,0.952698,0.901639,0.907175,615593,0,0,0
20150917,0.906865,0.909204,0.831132,0.874231,897940,0,0,0
20150918,0.874574,0.888102,0.833908,0.853685,484622,0,0,0
20150919,0.849603,0.911883,0.833784,0.882391,386988,0,0,0
20150920,0.881191,0.947741,0.873205,0.938445,508314,0,0,0
20150921,0.941496,0.957326,0.878301,0.919047,424039,0,0,0
20150922,0.919337,0.919337,0.865225,0.901796,487914,0,0,0
20150923,0.903560,0.908910,0.885136,0.893406,200541,0,0,0
20150924,0.896796,0.908571,0.793460,0.813610,842505,0,0,0
20150925,0.820031,0.825665,0.712745,0.736223,903457,0,0,0
20150926,0.737630,0.787544,0.709328,0.785964,369620,0,0,0
20150927,0.791277,0.791277,0.719169,0.720839,413801,0,0,0
20150928,0.723715,0.725677,0.557062,0.582886,1320890,0,0,0
20150929,0.579414,0.675830,0.558346,0.661146,913992,0,0,0
20150930,0.661192,0.746722,0.635861,0.738644,619926,0,0,0
20151001,0.734307,0.734307,0.655906,0.690215,596084,0,0,0
20151002,0.683732,0.691120,0.654605,0.678574,219318,0,0,0
20151003,0.678783,0.709204,0.675482,0.687171,163326,0,0,0
20151004,0.686343,0.693126,0.660716,0.668379,103497,0,0,0
20151005,0.666784,0.674438,0.624450,0.628643,234263,0,0,0
20151006,0.622218,0.653944,0.606230,0.650645,262674,0,0,0
20151007,0.650515,0.656301,0.602423,0.609388,218327,0,0,0
20151008,0.609501,0.633138,0.591971,0.621716,310266,0,0,0
20151009,0.655084,0.692296,0.632116,0.650628,386420,0,0,0
20151010,0.641187,0.649022,0.624374,0.627857,141555,0,0,0
20151011,0.627461,0.639506,0.618335,0.634963,102128,0,0,0
20151012,0.634515,0.657789,0.626030,0.626030,109567,0,0,0
20151013,0.627943,0.630240,0.599214,0.607655,303044,0,0,0
20151014,0.612240,0.612240,0.483974,0.522968,971664,0,0,0
20151015,0.523278,0.572714,0.514730,0.561878,371022,0,0,0
20151016,0.562593,0.568861,0.522533,0.536495,249891,0,0,0
20151017,0.534117,0.563460,0.526961,0.547178,313860,0,0,0
20151018,0.547913,0.552234,0.512861,0.517734,133690,0,0,0
20151019,0.517621,0.521546,0.480994,0.489014,243742,0,0,0
20151020,0.489629,0.501898,0.431648,0.434829,383921,0,0,0
20151021,0.431589,0.482988,0.420897,0.447329,609085,0,0,0
20151022,0.444988,0.619466,0.420991,0.567702,924822,0,0,0
20151023,0.566370,0.611743,0.504284,0.539657,878822,0,0,0
20151024,0.539681,0.577396,0.518688,0.563590,258356,0,0,0
20151025,0.563207,0.688192,0.561383,0.616039,635384,0,0,0
20151026,0.619743,0.757517,0.597098,0.731317,1089120,0,0,0
20151027,0.708890,0.898172,0.708890,0.869641,1846370,0,0,0
20151028,0.870938,1.06,0.807857,1.00,2373050,0,0,0
20151029,1.01,1.21,0.947374,1.21,2279240,0,0,0
20151030,1.21,1.35,0.968160,1.04,2429200,0,0,0
20151031,1.05,1.06,0.900171,0.916627,673892,0,0,0
20151101,0.920847,1.08,0.899082,1.06,588913,0,0,0
20151102,1.06,1.10,0.953647,0.989789,1145200,0,0,0
20151103,0.994568,1.07,0.936615,1.01,1907690,0,0,0
20151104,1.01,1.04,0.725665,0.899050,3060340,0,0,0
20151105,0.900699,0.991259,0.860382,0.895637,1179840,0,0,0
20151106,0.904772,0.989848,0.852929,0.926032,913666,0,0,0
20151107,0.923732,0.943787,0.863539,0.927974,890187,0,0,0
20151108,0.915661,1.03,0.915661,1.03,1021460,0,0,0
20151109,1.03,1.11,0.945263,0.999278,2045290,0,0,0
20151110,1.00,1.05,0.920968,0.934348,854581,0,0,0
20151111,0.941296,0.945278,0.729775,0.791829,1278580,0,0,0
20151112,0.796455,0.913919,0.763510,0.895711,806156,0,0,0
20151113,0.907722,0.917309,0.846023,0.904096,543671,0,0,0
20151114,0.905469,0.906113,0.876908,0.888812,372514,0,0,0
20151115,0.891217,0.921516,0.874957,0.906368,411848,0,0,0
20151116,0.906166,0.944732,0.891971,0.928962,620945,0,0,0
20151117,0.924948,1.03,0.905794,1.01,1145440,0,0,0
20151118,0.993214,1.01,0.940516,0.993319,681104,0,0,0
20151119,0.988713,1.01,0.937498,0.955532,443528,0,0,0
20151120,0.955735,0.955735,0.898576,0.924920,614335,0,0,0
20151121,0.928758,0.978743,0.920940,0.976140,455976,0,0,0
20151122,0.979765,0.984132,0.958982,0.968018,372173,0,0,0
20151123,0.967493,0.969057,0.933870,0.946969,441875,0,0,0
20151124,0.946442,0.948055,0.895931,0.900191,524195,0,0,0
20151125,0.893827,0.899493,0.851106,0.863537,622991,0,0,0
20151126,0.863273,0.903643,0.804360,0.884183,947473,0,0,0
20151127,0.882100,0.900051,0.860695,0.867951,403813,0,0,0
20151128,0.868102,0.929293,0.862122,0.915703,462464,0,0,0
20151129,0.914144,0.914153,0.860533,0.878614,448358,0,0,0
20151130,0.879951,0.895054,0.847696,0.873119,784439,0,0,0
20151201,0.878316,0.886736,0.853937,0.874800,652857,0,0,0
20151202,0.873171,0.878017,0.818924,0.821210,506307,0,0,0
20151203,0.818546,0.837664,0.785086,0.812143,539969,0,0,0
20151204,0.812082,0.859575,0.802373,0.840041,241278,0,0,0
20151205,0.841195,0.872821,0.824444,0.862438,232743,0,0,0
20151206,0.866417,0.882436,0.833115,0.835500,443608,0,0,0
20151207,0.836322,0.850791,0.787650,0.811264,520409,0,0,0
20151208,0.806024,0.823645,0.782328,0.822118,445903,0,0,0
20151209,0.824454,0.824454,0.770488,0.792167,624221,0,0,0
20151210,0.795590,0.861590,0.787291,0.840396,369589,0,0,0
20151211,0.839995,0.929762,0.819789,0.929762,801072,0,0,0
20151212,0.931196,1.05,0.928546,0.976973,1376280,0,0,0
20151213,0.971538,0.989394,0.937438,0.952884,273614,0,0,0
20151214,0.956620,1.01,0.950178,0.993022,563436,0,0,0
20151215,0.990589,1.03,0.982240,1.01,578618,0,0,0
20151216,1.02,1.02,0.974927,0.991182,320767,0,0,0
20151217,0.993043,0.997611,0.911807,0.940701,640765,0,0,0
20151218,0.938327,0.939493,0.908081,0.920127,300787,0,0,0
20151219,0.921524,0.925874,0.888916,0.908072,343535,0,0,0
20151220,0.908240,0.943185,0.899441,0.903885,472164,0,0,0
20151221,0.906065,0.917390,0.891182,0.900771,549113,0,0,0
20151222,0.894973,0.909526,0.862059,0.864202,454249,0,0,0
20151223,0.861782,0.882940,0.856065,0.858077,334993,0,0,0
20151224,0.859433,0.882818,0.847600,0.863262,354646,0,0,0
20151225,0.861993,0.882556,0.861993,0.870363,187114,0,0,0
20151226,0.870766,0.897453,0.838314,0.854603,425282,0,0,0
20151227,0.853166,0.861538,0.841151,0.856365,164565,0,0,0
20151228,0.856356,0.872394,0.832932,0.845005,235134,0,0,0
20151229,0.843835,0.873054,0.833232,0.873054,215742,0,0,0
20151230,0.874258,0.941099,0.866647,0.911958,604078,0,0,0
20151231,0.912098,0.975414,0.910277,0.933542,663994,0,0,0
20160101,0.933712,0.954822,0.931442,0.948024,206062,0,0,0
20160102,0.947401,0.969637,0.936560,0.937124,255504,0,0,0
20160103,0.938430,0.991362,0.934313,0.971905,407632,0,0,0
20160104,0.972045,0.976438,0.929835,0.954480,346245,0,0,0
20160105,0.953147,0.970597,0.946543,0.950176,219833,0,0,0
20160106,0.950028,0.960659,0.935708,0.950860,308791,0,0,0
20160107,0.955801,0.974623,0.935830,0.942005,647462,0,0,0
20160108,0.942752,0.991825,0.939715,0.986789,545600,0,0,0
20160109,0.985501,0.992345,0.973600,0.986833,226281,0,0,0
20160110,0.985557,1.00,0.975099,0.999231,390888,0,0,0
20160111,0.999216,1.07,0.999216,1.06,1011920,0,0,0
20160112,1.07,1.28,1.05,1.14,2898760,0,0,0
20160113,1.14,1.15,1.08,1.13,1005910,0,0,0
20160114,1.12,1.19,1.10,1.19,751961,0,0,0
20160115,1.18,1.32,1.14,1.21,3910550,0,0,0
20160116,1.22,1.31,1.17,1.22,2462630,0,0,0
20160117,1.22,1.33,1.21,1.33,1171150,0,0,0
20160118,1.33,1.54,1.32,1.43,4278930,0,0,0
20160119,1.42,1.46,1.31,1.37,2446740,0,0,0
20160120,1.36,1.62,1.35,1.53,2933220,0,0,0
20160121,1.53,1.59,1.49,1.55,1614960,0,0,0
20160122,1.55,1.58,1.47,1.50,1567240,0,0,0
20160123,1.50,2.03,1.50,1.97,7370980,0,0,0
20160124,1.90,2.30,1.90,2.14,9669770,0,0,0
20160125,2.15,2.66,2.06,2.50,10739300,0,0,0
20160126,2.53,2.84,1.99,2.28,13939200,0,0,0
20160127,2.25,2.59,2.19,2.39,6961080,0,0,0
20160128,2.41,2.68,2.34,2.53,4903850,0,0,0
20160129,2.54,2.61,2.30,2.49,6662340,0,0,0
20160130,2.51,2.61,2.40,2.45,3725080,0,0,0
20160131,2.44,2.53,2.19,2.31,5847500,0,0,0
20160201,2.32,2.32,2.12,2.21,3994100,0,0,0
20160202,2.22,2.45,2.16,2.44,3451270,0,0,0
20160203,2.43,2.54,2.34,2.53,3987750,0,0,0
20160204,2.53,2.63,2.44,2.58,3552320,0,0,0
20160205,2.57,2.61,2.47,2.54,2636700,0,0,0
20160206,2.53,2.56,2.47,2.53,1921240,0,0,0
20160207,2.54,3.06,2.54,2.96,7007060,0,0,0
20160208,2.97,3.27,2.88,3.18,9725690,0,0,0
20160209,3.17,4.04,3.17,4.04,17954000,0,0,0
20160210,4.00,4.86,3.78,4.44,28640400,0,0,0
20160211,4.50,6.29,4.34,6.01,26408200,0,0,0
20160212,5.95,6.58,5.07,5.55,23360800,0,0,0
20160213,5.69,5.72,4.19,5.39,24218800,0,0,0
20160214,5.40,5.47,4.45,5.24,11226500,0,0,0
20160215,5.33,5.89,5.02,5.29,13934200,0,0,0
20160216,5.33,5.47,4.03,4.32,15889100,0,0,0
20160217,4.29,4.77,3.50,3.76,15451000,0,0,0
20160218,3.77,4.77,3.42,4.40,17054000,0,0,0
20160219,4.38,4.79,4.27,4.74,7666320,0,0,0
20160220,4.68,4.75,4.13,4.34,8631090,0,0,0
20160221,4.36,4.71,4.23,4.65,6413550,0,0,0
20160222,4.66,5.65,4.64,5.62,15056200,0,0,0
20160223,5.68,5.95,5.39,5.59,13380600,0,0,0
20160224,5.60,6.24,5.51,6.24,11426500,0,0,0
20160225,6.19,6.65,5.55,6.10,21471800,0,0,0
20160226,6.04,6.27,5.74,5.92,9526860,0,0,0
20160227,5.96,6.53,5.92,6.43,8903210,0,0,0
20160228,6.41,6.62,6.24,6.47,9851660,0,0,0
20160229,6.46,6.61,6.05,6.34,7648020,0,0,0
20160301,6.32,7.91,6.31,7.65,23098100,0,0,0
20160302,7.63,8.75,7.37,8.47,29130200,0,0,0
20160303,8.44,10.10,8.33,9.29,40314900,0,0,0
20160304,9.24,10.41,8.48,10.41,35520100,0,0,0
20160305,10.37,12.27,9.97,11.00,56439600,0,0,0
20160306,11.20,11.84,9.99,11.38,39112000,0,0,0
20160307,11.43,11.65,9.31,9.55,34085100,0,0,0
20160308,9.58,10.17,8.82,9.85,25524300,0,0,0
20160309,9.79,12.05,9.67,11.90,27540500,0,0,0
20160310,11.88,12.24,10.99,11.30,26851500,0,0,0
20160311,11.22,11.60,10.39,11.08,21002700,0,0,0
20160312,11.13,13.53,11.09,13.53,48957300,0,0,0
20160313,13.51,15.26,13.47,14.47,43915100,0,0,0
20160314,14.51,15.01,11.58,12.45,58385100,0,0,0
20160315,13.00,13.20,12.05,13.01,28404500,0,0,0
20160316,13.02,13.73,12.50,12.52,24335500,0,0,0
20160317,12.56,12.64,10.44,11.08,41650600,0,0,0
20160318,11.11,11.18,8.52,11.00,53956800,0,0,0
20160319,11.20,11.20,9.78,10.53,26735700,0,0,0
20160320,10.52,10.90,9.57,10.32,17651100,0,0,0
20160321,10.30,12.01,10.16,11.86,28572600,0,0,0
20160322,11.88,12.03,11.18,11.27,19730300,0,0,0
20160323,11.33,12.43,11.24,12.42,19353200,0,0,0
20160324,12.44,12.50,10.80,11.23,26081800,0,0,0
20160325,11.26,11.37,10.53,10.74,13782000,0,0,0
20160326,10.77,11.18,10.59,10.97,9425480,0,0,0
20160327,10.99,11.05,10.11,10.42,16744800,0,0,0
20160328,10.43,11.86,10.41,11.67,23188300,0,0,0
20160329,11.75,11.91,11.35,11.66,17684200,0,0,0
20160330,11.61,12.18,11.47,11.95,19351200,0,0,0
20160331,11.92,12.01,11.32,11.40,14966700,0,0,0
20160401,11.40,11.85,11.40,11.66,11373100,0,0,0
20160402,11.63,11.69,11.40,11.60,8682620,0,0,0
20160403,11.63,11.71,11.51,11.62,5580550,0,0,0
20160404,11.62,11.62,11.02,11.16,9599070,0,0,0
20160405,11.21,11.21,10.13,10.44,20557300,0,0,0
20160406,10.45,10.97,10.28,10.69,16997100,0,0,0
20160407,10.70,10.81,9.95,10.07,13464500,0,0,0
20160408,10.08,10.39,9.66,9.72,14660600,0,0,0
20160409,9.69,10.09,9.07,9.15,16194800,0,0,0
20160410,9.15,9.22,7.46,8.94,42613400,0,0,0
20160411,8.94,8.95,8.00,8.64,15138100,0,0,0
20160412,8.64,8.64,7.15,7.44,23190100,0,0,0
20160413,7.44,8.72,7.07,8.04,31403300,0,0,0
20160414,8.08,8.76,8.02,8.39,13590700,0,0,0
20160415,8.39,8.62,8.10,8.24,12179000,0,0,0
20160416,8.24,8.65,8.11,8.61,9888460,0,0,0
20160417,8.62,9.70,8.56,9.31,24619600,0,0,0
20160418,9.33,9.51,8.50,9.04,21084100,0,0,0
20160419,9.08,9.31,8.60,8.71,12899100,0,0,0
20160420,8.69,8.83,8.31,8.47,15634700,0,0,0
20160421,8.45,8.72,7.96,8.10,13355400,0,0,0
20160422,8.15,8.27,7.67,7.82,13309300,0,0,0
20160423,7.79,8.55,7.74,8.29,14565200,0,0,0
20160424,8.29,8.47,7.96,8.00,10786400,0,0,0
20160425,8.01,8.09,7.24,7.55,18239900,0,0,0
20160426,7.53,7.55,7.06,7.40,17667300,0,0,0
20160427,7.39,7.97,7.32,7.76,19254500,0,0,0
20160428,7.74,7.91,7.17,7.17,11576000,0,0,0
20160429,7.21,7.73,7.17,7.46,8762080,0,0,0
20160430,7.45,9.37,7.45,8.81,36573300,0,0,0
20160501,8.78,9.01,8.43,8.85,16713800,0,0,0
20160502,8.89,10.32,8.85,10.16,41019200,0,0,0
20160503,10.17,10.17,9.28,9.31,21463900,0,0,0
20160504,9.38,10.03,9.27,9.41,17622400,0,0,0
20160505,9.40,10.05,9.29,9.83,18296200,0,0,0
20160506,9.81,9.95,9.04,9.35,21510600,0,0,0
20160507,9.32,9.48,9.21,9.37,10806500,0,0,0
20160508,9.37,9.60,8.93,9.48,15031000,0,0,0
20160509,9.49,9.64,9.20,9.30,13085300,0,0,0
20160510,9.28,9.48,9.26,9.36,9321790,0,0,0
20160511,9.43,10.01,9.39,10.00,15267500,0,0,0
20160512,10.00,10.51,9.86,10.06,24137700,0,0,0
20160513,10.06,11.05,10.02,10.51,31276900,0,0,0
20160514,10.51,10.62,9.81,10.24,18808000,0,0,0
20160515,10.24,10.44,9.93,9.96,9218400,0,0,0
20160516,9.97,11.44,9.97,11.17,29079900,0,0,0
20160517,11.19,12.49,11.15,12.20,37198700,0,0,0
20160518,12.18,14.26,12.18,13.56,65389900,0,0,0
20160519,13.54,14.87,13.34,14.77,53757500,0,0,0
20160520,14.85,15.05,13.38,13.64,50544100,0,0,0
20160521,13.69,14.05,13.12,14.02,24648400,0,0,0
20160522,14.04,14.35,13.77,14.29,17938900,0,0,0
20160523,14.28,14.49,13.19,13.46,23842800,0,0,0
20160524,13.31,13.77,12.01,12.73,41560600,0,0,0
20160525,12.79,12.90,11.77,12.53,27444700,0,0,0
20160526,12.52,12.99,12.06,12.43,20764000,0,0,0
20160527,12.39,12.39,10.50,11.30,57496400,0,0,0
20160528,11.33,12.36,10.37,11.89,47274800,0,0,0
20160529,12.11,12.69,11.78,12.35,28598400,0,0,0
20160530,12.33,12.88,12.27,12.73,14733800,0,0,0
20160531,12.74,14.27,12.64,14.08,42433400,0,0,0
20160601,14.11,14.32,13.44,14.00,22471300,0,0,0
20160602,13.99,14.05,13.63,13.74,10477200,0,0,0
20160603,13.74,13.87,13.25,13.85,22981500,0,0,0
20160604,13.86,13.95,13.42,13.74,15792400,0,0,0
20160605,13.76,14.07,13.57,13.97,11088400,0,0,0
20160606,14.00,14.06,13.73,13.93,8720400,0,0,0
20160607,13.95,14.51,13.81,14.51,21421600,0,0,0
20160608,14.51,14.78,14.28,14.42,16941800,0,0,0
20160609,14.43,14.57,14.34,14.40,8256830,0,0,0
20160610,14.38,14.43,13.82,13.91,11312900,0,0,0
20160611,13.91,14.19,13.72,14.19,12176500,0,0,0
20160612,14.19,15.90,14.19,15.74,38210300,0,0,0
20160613,15.77,17.64,15.72,17.60,38023400,0,0,0
20160614,17.61,19.27,17.30,18.89,64412200,0,0,0
20160615,18.91,18.91,17.71,18.35,19393400,0,0,0
20160616,18.36,20.83,18.36,20.59,38531000,0,0,0
20160617,20.65,21.52,13.57,15.38,199408000,0,0,0
20160618,15.38,15.38,9.96,11.33,133937000,0,0,0
20160619,11.17,13.18,10.64,12.23,69783600,0,0,0
20160620,12.24,12.45,10.52,11.84,58143600,0,0,0
20160621,11.82,13.42,11.29,13.31,69245600,0,0,0
20160622,13.20,15.79,13.10,13.10,96994100,0,0,0
20160623,13.22,13.79,12.56,13.68,30806400,0,0,0
20160624,13.68,14.57,13.22,14.33,33332900,0,0,0
20160625,14.30,14.58,14.02,14.28,15383100,0,0,0
20160626,14.26,14.37,13.66,13.85,14747600,0,0,0
20160627,13.81,14.12,13.75,13.88,10994700,0,0,0
20160628,13.93,13.98,11.72,12.18,43436600,0,0,0
20160629,12.17,13.04,11.69,12.61,26982800,0,0,0
20160630,12.60,12.74,12.25,12.46,15801300,0,0,0
20160701,12.44,12.49,11.73,12.20,17236500,0,0,0
20160702,12.22,12.22,11.95,12.13,8987070,0,0,0
20160703,12.12,12.15,11.59,11.72,10588700,0,0,0
20160704,11.70,11.88,11.39,11.47,12943500,0,0,0
20160705,11.46,11.52,9.58,10.61,45526900,0,0,0
20160706,10.58,11.11,10.28,10.53,18137300,0,0,0
20160707,10.54,10.57,9.80,10.11,15407200,0,0,0
20160708,10.12,11.52,9.96,11.39,20039800,0,0,0
20160709,11.42,11.46,10.73,10.97,17254800,0,0,0
20160710,10.96,11.01,10.78,10.95,5479240,0,0,0
20160711,10.94,11.01,10.26,10.46,13098000,0,0,0
20160712,10.45,10.76,10.43,10.52,11127700,0,0,0
20160713,10.51,10.59,10.40,10.50,6715660,0,0,0
20160714,10.60,11.68,10.60,11.51,23621900,0,0,0
20160715,11.50,12.43,11.49,11.95,26838900,0,0,0
20160716,11.92,11.94,11.59,11.65,10445700,0,0,0
20160717,11.62,11.67,11.01,11.16,17921600,0,0,0
20160718,11.17,11.61,10.95,11.03,15931900,0,0,0
20160719,11.05,12.01,11.01,11.62,21730000,0,0,0
20160720,11.59,12.99,11.57,12.45,60226100,0,0,0
20160721,12.46,12.71,11.99,12.65,24636900,0,0,0
20160722,12.66,14.81,12.54,14.66,74779500,0,0,0
20160723,14.67,14.90,14.05,14.30,32489700,0,0,0
20160724,14.30,14.44,12.32,12.75,77750800,0,0,0
20160725,12.74,13.86,12.68,13.84,36673800,0,0,0
20160726,13.82,13.85,11.73,11.99,94428800,0,0,0
20160727,12.05,13.31,11.84,12.97,58278800,0,0,0
20160728,12.98,12.99,12.49,12.84,24603900,0,0,0
20160729,12.84,12.87,12.55,12.79,14082300,0,0,0
20160730,12.80,12.80,12.46,12.46,9047810,0,0,0
20160731,12.44,12.51,11.55,11.88,25441400,0,0,0
20160801,11.89,12.01,10.94,10.94,23999500,0,0,0
20160802,10.95,11.14,8.20,8.79,88803300,0,0,0
20160803,8.88,10.42,8.88,10.29,53979400,0,0,0
20160804,10.31,11.29,10.16,11.04,38151400,0,0,0
20160805,11.02,11.18,10.76,10.93,15487900,0,0,0
20160806,10.92,10.94,10.29,10.88,16712600,0,0,0
20160807,10.86,11.09,10.78,10.91,16551000,0,0,0
20160808,10.91,11.33,10.86,11.25,14956700,0,0,0
20160809,11.27,12.45,11.20,12.24,36656600,0,0,0
20160810,12.23,12.46,11.98,12.14,28096300,0,0,0
20160811,12.14,12.27,11.63,11.69,17505000,0,0,0
20160812,11.69,12.04,11.64,11.78,13690100,0,0,0
20160813,11.77,11.79,11.51,11.57,7539490,0,0,0
20160814,11.58,11.69,11.10,11.19,8680160,0,0,0
20160815,11.20,11.31,11.00,11.22,7500840,0,0,0
20160816,11.23,11.24,11.00,11.14,7051510,0,0,0
20160817,11.13,11.15,10.75,10.75,8833760,0,0,0
20160818,10.75,11.01,10.74,10.76,6935800,0,0,0
20160819,10.75,10.80,10.73,10.75,5390850,0,0,0
20160820,10.75,11.30,10.75,11.25,7443540,0,0,0
20160821,11.25,11.25,10.99,11.18,4355660,0,0,0
20160822,11.19,11.34,11.07,11.12,6588920,0,0,0
20160823,11.14,11.23,10.90,11.03,6489380,0,0,0
20160824,11.02,11.15,11.01,11.04,4423420,0,0,0
20160825,11.03,11.39,11.02,11.36,8552380,0,0,0
20160826,11.35,11.45,11.21,11.30,5857850,0,0,0
20160827,11.29,11.29,11.14,11.15,15108400,0,0,0
20160828,11.15,11.15,10.92,10.93,5303040,0,0,0
20160829,10.92,11.15,10.79,10.98,8130540,0,0,0
20160830,10.99,11.30,10.96,11.23,7221260,0,0,0
20160831,11.24,11.68,11.18,11.67,11073700,0,0,0
20160901,11.67,12.58,11.65,11.99,24051500,0,0,0
20160902,11.96,12.31,11.88,12.11,9368300,0,0,0
20160903,12.11,12.36,11.35,11.76,13358800,0,0,0
20160904,11.75,11.79,11.47,11.68,7220550,0,0,0
20160905,11.68,11.81,11.59,11.72,5724100,0,0,0
20160906,11.73,11.73,11.47,11.69,6346330,0,0,0
20160907,11.69,11.73,11.52,11.55,6115050,0,0,0
20160908,11.55,11.70,11.25,11.35,11535000,0,0,0
20160909,11.41,11.68,11.39,11.65,6109200,0,0,0
20160910,11.66,12.22,11.54,12.17,7220300,0,0,0
20160911,12.21,12.21,11.59,11.64,8791180,0,0,0
20160912,11.64,11.95,11.61,11.89,7478080,0,0,0
20160913,11.89,12.09,11.88,11.92,11704300,0,0,0
20160914,11.90,12.00,11.86,11.92,5694820,0,0,0
20160915,11.94,12.14,11.92,11.94,7309090,0,0,0
20160916,11.96,12.75,11.90,12.56,17421500,0,0,0
20160917,12.56,12.76,12.44,12.70,7446610,0,0,0
20160918,12.69,12.99,12.16,12.43,22433300,0,0,0
20160919,12.44,13.19,12.42,13.19,13838800,0,0,0
20160920,13.21,14.43,13.12,14.43,31929100,0,0,0
20160921,14.43,14.43,13.17,13.77,28645000,0,0,0
20160922,13.66,13.66,12.48,13.25,27382800,0,0,0
20160923,13.21,13.45,13.10,13.33,9166430,0,0,0
20160924,13.32,13.34,12.68,12.88,9824880,0,0,0
20160925,12.85,13.11,12.80,13.10,5283440,0,0,0
20160926,13.17,13.17,12.74,12.82,7213070,0,0,0
20160927,12.86,13.21,12.86,13.10,6831070,0,0,0
20160928,13.11,13.48,13.08,13.27,10239000,0,0,0
20160929,13.28,13.34,13.07,13.07,5990630,0,0,0
20160930,13.08,13.34,13.02,13.22,5950840,0,0,0
20161001,13.20,13.31,13.05,13.17,6331160,0,0,0
20161002,13.18,13.30,13.14,13.20,4079660,0,0,0
20161003,13.20,13.49,13.19,13.45,7458320,0,0,0
20161004,13.45,13.53,13.21,13.28,8348280,0,0,0
20161005,13.28,13.35,13.04,13.04,9881370,0,0,0
20161006,13.03,13.14,12.69,12.85,12044800,0,0,0
20161007,12.85,12.99,12.53,12.67,8933050,0,0,0
20161008,12.67,12.69,12.05,12.22,11611200,0,0,0
20161009,12.22,12.36,11.98,12.05,7208480,0,0,0
20161010,12.06,12.06,11.62,11.76,10809200,0,0,0
20161011,11.76,12.16,11.75,11.79,11727700,0,0,0
20161012,11.78,12.07,11.71,11.93,9694640,0,0,0
20161013,11.91,12.13,11.78,11.96,8665190,0,0,0
20161014,11.99,12.07,11.90,11.94,4333510,0,0,0
20161015,11.94,12.00,11.78,11.98,4991840,0,0,0
20161016,11.98,12.01,11.93,11.95,3617280,0,0,0
20161017,11.96,12.03,11.86,12.01,5724440,0,0,0
20161018,12.00,12.93,12.00,12.59,18864200,0,0,0
20161019,12.59,12.62,11.91,12.02,10576200,0,0,0
20161020,12.05,12.29,12.00,12.10,8170760,0,0,0
20161021,12.13,12.21,12.02,12.18,5676920,0,0,0
20161022,12.18,12.19,11.95,12.07,7583820,0,0,0
20161023,12.13,12.14,11.94,12.04,5774660,0,0,0
20161024,12.04,12.10,11.91,11.97,5739690,0,0,0
20161025,11.97,11.99,11.15,11.41,19316000,0,0,0
20161026,11.38,11.66,11.38,11.53,10221800,0,0,0
20161027,11.53,11.61,11.26,11.50,13255400,0,0,0
20161028,11.47,11.58,10.95,11.09,13971500,0,0,0
20161029,11.10,11.20,9.56,10.44,27070400,0,0,0
20161030,10.43,11.45,10.29,11.18,16694900,0,0,0
20161031,11.23,11.50,10.94,11.00,13393900,0,0,0
20161101,10.96,11.18,10.30,10.77,22901300,0,0,0
20161102,10.77,11.16,10.69,10.75,11691700,0,0,0
20161103,10.80,11.11,10.76,10.80,15228600,0,0,0
20161104,10.82,11.12,10.82,11.09,9958040,0,0,0
20161105,11.09,11.24,10.88,11.00,5502670,0,0,0
20161106,10.99,11.25,10.85,10.87,5688710,0,0,0
20161107,10.90,10.96,10.78,10.81,5992480,0,0,0
20161108,10.85,10.92,10.74,10.83,6258150,0,0,0
20161109,10.82,10.83,10.22,10.66,14606600,0,0,0
20161110,10.67,10.68,10.51,10.52,4253980,0,0,0
20161111,10.51,10.57,10.26,10.29,6056300,0,0,0
20161112,10.29,10.34,9.70,9.88,10052500,0,0,0
20161113,9.89,10.41,9.84,10.10,8227770,0,0,0
20161114,10.10,10.16,9.96,9.97,3573250,0,0,0
20161115,9.97,10.32,9.85,10.22,6557550,0,0,0
20161116,10.22,10.33,9.93,10.06,9533550,0,0,0
20161117,10.06,10.19,9.92,9.99,6984700,0,0,0
20161118,9.99,10.01,9.48,9.48,10816100,0,0,0
20161119,9.48,9.75,9.48,9.66,5186540,0,0,0
20161120,9.66,9.71,9.52,9.58,5173420,0,0,0
20161121,9.58,9.64,9.54,9.62,3663210,0,0,0
20161122,9.63,10.24,9.59,9.91,11284400,0,0,0
20161123,9.92,9.96,9.76,9.84,4812310,0,0,0
20161124,9.85,9.85,8.93,9.23,15987800,0,0,0
20161125,9.23,9.75,9.21,9.40,7669720,0,0,0
20161126,9.42,9.50,9.31,9.33,3505990,0,0,0
20161127,9.31,9.33,8.78,9.00,8707660,0,0,0
20161128,9.00,9.01,8.72,8.72,6046890,0,0,0
20161129,8.73,8.74,7.88,8.17,17000400,0,0,0
20161130,8.16,8.75,8.16,8.59,10626600,0,0,0
20161201,8.60,8.65,8.36,8.45,5882340,0,0,0
20161202,8.46,8.46,7.42,7.76,18579800,0,0,0
20161203,7.77,8.15,7.67,7.92,12112100,0,0,0
20161204,7.90,7.95,7.44,7.44,8450790,0,0,0
20161205,7.41,7.64,6.66,6.82,17344500,0,0,0
20161206,6.80,7.92,5.98,7.87,50671200,0,0,0
20161207,7.89,8.54,7.33,8.38,22229600,0,0,0
20161208,8.38,8.86,8.23,8.23,16042700,0,0,0
20161209,8.17,8.67,8.05,8.45,12916300,0,0,0
20161210,8.44,8.53,8.02,8.13,8108370,0,0,0
20161211,8.13,8.27,8.10,8.19,5545500,0,0,0
20161212,8.19,8.61,8.17,8.52,9119700,0,0,0
20161213,8.52,8.53,8.35,8.42,4486190,0,0,0
20161214,8.45,8.52,8.25,8.27,7337220,0,0,0
20161215,8.24,8.24,7.72,7.83,13184400,0,0,0
20161216,7.86,7.93,7.80,7.86,5178610,0,0,0
20161217,7.86,7.90,7.52,7.88,8502620,0,0,0
20161218,7.86,7.93,7.72,7.87,5890020,0,0,0
20161219,7.87,7.87,7.63,7.64,5894760,0,0,0
20161220,7.63,7.75,7.57,7.66,6313550,0,0,0
20161221,7.66,7.94,7.66,7.91,9393550,0,0,0
20161222,7.90,7.91,7.50,7.58,16376700,0,0,0
20161223,7.58,7.69,7.16,7.17,19613100,0,0,0
20161224,7.15,7.41,7.15,7.27,7626020,0,0,0
20161225,7.26,7.34,7.14,7.18,8671840,0,0,0
20161226,7.13,7.33,7.05,7.27,5836810,0,0,0
20161227,7.28,7.32,7.09,7.17,8778610,0,0,0
20161228,7.15,7.62,7.08,7.52,17453300,0,0,0
20161229,7.54,8.53,7.54,8.28,27543800,0,0,0
20161230,8.29,8.47,8.05,8.16,13909900,0,0,0
20161231,8.15,8.16,7.91,7.97,9066800,0,0,0
20170101,7.98,8.47,7.98,8.17,14731700,0,0,0
20170102,8.17,8.44,8.05,8.38,14579600,0,0,0
20170103,8.37,10.00,8.32,9.73,33625200,0,0,0
20170104,9.71,11.28,9.56,11.25,41051200,0,0,0
20170105,11.29,11.89,9.40,10.25,41557400,0,0,0
20170106,10.29,10.63,9.63,10.25,29471800,0,0,0
20170107,10.24,10.28,9.59,9.87,23153600,0,0,0
20170108,9.87,10.39,9.83,10.29,16676600,0,0,0
20170109,10.31,10.78,10.14,10.33,25718300,0,0,0
20170110,10.37,10.69,10.29,10.55,10879700,0,0,0
20170111,10.54,10.66,9.46,9.72,26823500,0,0,0
20170112,9.72,10.08,9.18,9.86,30453800,0,0,0
20170113,9.83,9.85,9.51,9.77,25066600,0,0,0
20170114,9.79,9.89,9.44,9.65,20085800,0,0,0
20170115,9.83,10.00,9.60,9.90,14837900,0,0,0
20170116,9.88,9.93,9.58,9.64,14937400,0,0,0
20170117,9.64,10.61,9.54,10.30,18391900,0,0,0
20170118,10.30,10.52,9.94,10.23,10788200,0,0,0
20170119,10.24,10.44,10.18,10.40,8347550,0,0,0
20170120,10.39,10.76,10.35,10.60,10992800,0,0,0
20170121,10.60,10.98,10.58,10.91,11937600,0,0,0
20170122,10.91,10.97,10.58,10.70,8678620,0,0,0
20170123,10.71,10.84,10.67,10.82,7267210,0,0,0
20170124,10.73,10.77,10.57,10.63,8327330,0,0,0
20170125,10.62,10.62,10.48,10.57,6751450,0,0,0
20170126,10.57,10.67,10.51,10.59,8465020,0,0,0
20170127,10.58,10.61,10.44,10.54,7189170,0,0,0
20170128,10.54,10.58,10.43,10.56,6580700,0,0,0
20170129,10.56,10.57,10.45,10.48,4689950,0,0,0
20170130,10.49,10.71,10.47,10.57,8042180,0,0,0
20170131,10.56,10.75,10.54,10.73,11648700,0,0,0
20170201,10.74,10.85,10.56,10.73,12852200,0,0,0
20170202,10.74,10.89,10.55,10.82,10172500,0,0,0
20170203,10.81,11.11,10.76,11.11,12897800,0,0,0
20170204,11.13,11.50,11.13,11.43,14139500,0,0,0
20170205,11.44,11.49,11.32,11.35,5942960,0,0,0
20170206,11.35,11.48,11.34,11.39,5695440,0,0,0
20170207,11.43,11.61,11.41,11.52,7629640,0,0,0
20170208,11.54,11.63,11.24,11.43,9688630,0,0,0
20170209,11.44,11.60,10.67,11.03,18400300,0,0,0
20170210,11.04,11.34,10.78,11.28,11914200,0,0,0
20170211,11.29,11.43,11.24,11.35,7544520,0,0,0
20170212,11.35,11.40,11.30,11.40,6264900,0,0,0
20170213,11.38,11.39,11.17,11.27,7216520,0,0,0
20170214,11.29,13.33,11.29,13.03,42911500,0,0,0
20170215,13.04,13.04,12.64,12.92,18464700,0,0,0
20170216,12.92,12.92,12.54,12.90,38002600,0,0,0
20170217,12.90,12.91,12.66,12.68,11636500,0,0,0
20170218,12.71,12.83,12.68,12.81,9370010,0,0,0
20170219,12.82,12.87,12.71,12.76,7799740,0,0,0
20170220,12.77,12.90,12.43,12.43,12994400,0,0,0
20170221,12.34,12.77,12.21,12.67,15183300,0,0,0
20170222,12.69,12.76,12.55,12.60,10360900,0,0,0
20170223,12.60,13.21,12.56,13.12,14522300,0,0,0
20170224,13.13,13.23,12.88,13.07,19574400,0,0,0
20170225,13.06,13.72,12.98,13.55,18533900,0,0,0
20170226,13.52,14.54,13.40,14.52,20307500,0,0,0
20170227,14.51,15.68,14.27,15.40,31667000,0,0,0
20170228,15.45,16.06,15.12,15.82,65478900,0,0,0
20170301,15.85,17.37,15.56,17.35,44927500,0,0,0
20170302,17.36,19.35,16.95,19.03,83627100,0,0,0
20170303,19.04,20.67,18.41,19.46,95863400,0,0,0
20170304,19.52,20.05,18.62,18.62,27341900,0,0,0
20170305,18.50,19.42,18.23,19.30,26816300,0,0,0
20170306,19.28,20.10,19.11,19.61,32432700,0,0,0
20170307,19.58,19.63,18.64,18.89,37972200,0,0,0
20170308,18.88,18.88,16.65,16.65,44304600,0,0,0
20170309,16.64,17.87,16.37,17.75,31418400,0,0,0
20170310,17.74,19.66,17.68,19.33,87506800,0,0,0
20170311,19.37,21.59,19.01,21.47,69150100,0,0,0
20170312,21.46,23.44,21.38,23.44,74628900,0,0,0
20170313,23.50,30.60,23.50,28.59,255488000,0,0,0
20170314,28.57,29.93,27.32,28.65,101797000,0,0,0
20170315,28.65,35.06,28.43,35.06,170344000,0,0,0
20170316,35.36,47.17,35.36,46.35,454418000,0,0,0
20170317,45.93,55.11,38.21,46.83,497534000,0,0,0
20170318,46.87,46.87,31.70,34.16,262180000,0,0,0
20170319,35.53,47.00,35.34,44.74,239430000,0,0,0
20170320,44.83,46.23,42.44,43.39,154701000,0,0,0
20170321,43.51,44.26,42.37,43.15,91265400,0,0,0
20170322,43.12,43.52,39.69,42.34,113952000,0,0,0
20170323,42.57,44.75,41.30,43.68,100724000,0,0,0
20170324,43.64,54.14,43.21,53.11,297046000,0,0,0
20170325,53.58,53.58,48.31,51.25,223059000,0,0,0
20170326,50.77,51.80,49.28,50.52,106859000,0,0,0
20170327,51.31,52.46,48.93,49.67,118978000,0,0,0
20170328,49.71,50.96,49.15,50.77,97745300,0,0,0
20170329,50.57,53.87,50.55,53.13,144998000,0,0,0
20170330,53.12,53.31,51.87,52.21,86885700,0,0,0
20170331,51.75,51.77,47.38,50.04,151416000,0,0,0
20170401,50.03,51.93,48.88,50.70,92461900,0,0,0
20170402,50.74,51.27,45.43,48.75,134604000,0,0,0
20170403,48.82,48.82,43.41,44.36,190513000,0,0,0
20170404,43.92,45.74,41.72,44.64,157568000,0,0,0
20170405,44.66,47.84,44.54,45.30,119733000,0,0,0
20170406,45.22,45.64,40.90,43.24,147120000,0,0,0
20170407,42.87,44.04,41.65,42.16,81474700,0,0,0
20170408,41.80,45.21,41.73,44.31,74138800,0,0,0
20170409,44.28,44.49,42.89,43.27,55143000,0,0,0
20170410,43.28,44.14,42.42,43.44,44061500,0,0,0
20170411,43.50,44.25,43.30,43.41,38303300,0,0,0
20170412,43.46,47.23,43.11,46.29,88045700,0,0,0
20170413,46.31,50.91,46.31,50.22,157200000,0,0,0
20170414,49.97,50.05,46.76,47.57,91674400,0,0,0
20170415,47.65,49.57,47.18,49.10,66207800,0,0,0
20170416,49.04,49.14,48.19,48.72,31343800,0,0,0
20170417,48.66,48.75,48.05,48.30,44013300,0,0,0
20170418,48.32,51.03,48.30,50.71,78748500,0,0,0
20170419,50.73,50.95,47.26,48.31,76281000,0,0,0
20170420,48.13,49.99,48.13,49.67,79600900,0,0,0
20170421,49.64,49.66,48.14,48.22,45048300,0,0,0
20170422,48.18,48.74,48.17,48.55,37357600,0,0,0
20170423,48.59,48.89,48.17,48.49,36234000,0,0,0
20170424,48.87,50.18,48.87,50.03,55580600,0,0,0
20170425,50.07,50.30,49.81,49.89,38264600,0,0,0
20170426,49.91,53.44,49.91,52.72,104884000,0,0,0
20170427,52.81,62.17,52.29,62.17,246775000,0,0,0
20170428,62.23,70.85,62.13,70.16,346546000,0,0,0
20170429,71.39,71.90,66.78,68.38,165448000,0,0,0
20170430,68.54,79.02,68.35,79.02,229945000,0,0,0
20170501,79.32,82.52,73.09,76.30,376842000,0,0,0
20170502,76.65,79.35,74.38,77.26,193773000,0,0,0
20170503,77.25,80.10,75.76,79.72,141922000,0,0,0
20170504,79.72,97.56,79.43,96.98,366847000,0,0,0
20170505,96.73,103.23,92.22,94.40,331928000,0,0,0
20170506,94.91,97.88,90.95,97.81,151462000,0,0,0
20170507,97.87,98.24,89.87,94.01,183295000,0,0,0
20170508,93.75,95.14,89.51,91.42,231344000,0,0,0
20170509,91.23,93.06,80.39,91.16,363434000,0,0,0
20170510,91.15,92.85,85.29,89.52,145602000,0,0,0
20170511,89.77,102.55,88.48,89.88,132722000,0,0,0
20170512,89.43,93.12,88.66,88.66,145825000,0,0,0
20170513,88.69,93.81,86.66,90.84,88742200,0,0,0
20170514,90.87,91.25,89.61,90.79,66046600,0,0,0
20170515,90.78,95.43,86.83,92.41,170999000,0,0,0
20170516,92.39,93.56,89.12,89.44,152285000,0,0,0
20170517,89.25,91.27,84.43,89.86,183031000,0,0,0
20170518,89.84,97.37,89.84,96.91,196237000,0,0,0
20170519,97.05,133.56,97.05,129.53,626945000,0,0,0
20170520,129.22,133.64,124.70,126.52,331455000,0,0,0
20170521,127.54,159.03,125.89,157.94,570361000,0,0,0
20170522,158.17,201.75,152.47,174.26,1188910000,0,0,0
20170523,170.82,183.55,169.93,181.95,530709000,0,0,0
20170524,182.65,228.37,182.45,190.05,561014000,0,0,0
20170525,189.85,210.98,170.51,174.45,943637000,0,0,0
20170526,175.22,193.69,150.28,160.40,792458000,0,0,0
20170527,159.82,166.95,120.44,157.76,1217060000,0,0,0
20170528,158.82,179.94,157.60,170.51,717971000,0,0,0
20170529,170.13,197.13,164.53,194.91,718828000,0,0,0
20170530,195.61,233.71,189.29,231.91,1586670000,0,0,0
20170531,231.58,236.97,215.57,230.67,1271600000,0,0,0
20170601,230.89,236.22,214.48,222.24,812924000,0,0,0
20170602,222.29,229.41,219.58,223.78,469532000,0,0,0
20170603,223.46,225.97,219.42,224.38,427896000,0,0,0
20170604,224.12,250.41,223.98,245.33,753820000,0,0,0
20170605,245.26,249.47,243.05,248.46,435660000,0,0,0
20170606,248.60,267.51,246.84,264.47,741553000,0,0,0
20170607,264.26,264.67,254.04,258.07,461649000,0,0,0
20170608,257.99,262.25,253.97,261.67,385494000,0,0,0
20170609,261.75,282.76,261.75,281.74,557986000,0,0,0
20170610,282.01,350.26,282.01,337.67,1611630000,0,0,0
20170611,338.79,353.01,318.17,340.61,1373220000,0,0,0
20170612,341.16,414.76,341.16,401.49,2882650000,0,0,0
20170613,395.69,411.18,370.06,397.54,1717380000,0,0,0
20170614,397.59,399.32,342.21,359.05,1272580000,0,0,0
20170615,358.51,364.44,300.70,361.93,2463450000,0,0,0
20170616,361.18,373.06,341.42,370.23,1096280000,0,0,0
20170617,369.88,379.41,364.00,379.41,904653000,0,0,0
20170618,379.52,390.58,368.84,371.46,904703000,0,0,0
20170619,371.86,377.12,369.76,370.06,685172000,0,0,0
20170620,370.33,377.97,350.94,359.00,1020390000,0,0,0
20170621,359.54,361.34,319.48,336.87,1420130000,0,0,0
20170622,337.73,342.03,330.62,336.37,925767000,0,0,0
20170623,336.49,348.01,334.99,341.74,593207000,0,0,0
20170624,341.63,343.62,322.09,323.70,673585000,0,0,0
20170625,323.47,332.79,284.65,303.25,1186880000,0,0,0
20170626,302.95,311.46,238.65,272.69,2081810000,0,0,0
20170627,272.69,293.09,227.14,293.09,1973870000,0,0,0
20170628,293.04,333.10,276.41,327.93,2056550000,0,0,0
20170629,328.37,330.71,297.37,302.88,1508580000,0,0,0
20170630,303.15,315.17,288.44,294.92,1011800000,0,0,0
20170701,293.35,293.75,268.62,274.60,1089200000,0,0,0
20170702,275.12,295.51,262.52,287.99,1123330000,0,0,0
20170703,288.41,291.10,281.18,282.90,851408000,0,0,0
20170704,282.19,287.39,273.11,273.30,687691000,0,0,0
20170705,273.10,275.13,261.45,268.77,790256000,0,0,0
20170706,268.86,278.48,265.51,270.55,623080000,0,0,0
20170707,270.35,273.94,244.17,245.99,687252000,0,0,0
20170708,245.89,273.48,236.55,251.70,754958000,0,0,0
20170709,251.82,255.10,242.14,242.14,505118000,0,0,0
20170710,243.01,243.07,196.97,215.36,937219000,0,0,0
20170711,211.53,220.29,183.39,197.40,1440950000,0,0,0
20170712,197.15,230.77,189.59,230.77,1241190000,0,0,0
20170713,231.81,231.81,200.06,209.73,828489000,0,0,0
20170714,209.53,211.10,187.37,199.66,749382000,0,0,0
20170715,199.71,200.16,170.66,170.66,810452000,0,0,0
20170716,169.57,172.01,133.72,157.36,1516890000,0,0,0
20170717,159.99,194.75,158.04,193.42,1669500000,0,0,0
20170718,195.03,267.99,182.06,234.39,2709260000,0,0,0
20170719,234.94,245.65,191.75,199.70,2328790000,0,0,0
20170720,205.42,233.90,203.22,227.26,2225000000,0,0,0
20170721,226.06,235.12,213.01,218.31,1006130000,0,0,0
20170722,217.86,232.70,216.87,229.48,618260000,0,0,0
20170723,229.12,231.68,217.72,225.95,649615000,0,0,0
20170724,226.28,227.54,222.45,224.71,431691000,0,0,0
20170725,224.37,225.32,195.84,206.71,1095760000,0,0,0
20170726,207.09,210.77,194.78,203.95,717692000,0,0,0
20170727,204.86,206.44,201.26,204.32,393283000,0,0,0
20170728,204.32,204.90,192.30,193.12,562571000,0,0,0
20170729,193.34,208.68,179.65,205.79,824355000,0,0,0
20170730,206.74,208.54,196.15,197.98,596234000,0,0,0
20170731,197.41,203.87,193.41,203.87,569414000,0,0,0
20170801,204.69,227.74,204.69,226.77,1585330000,0,0,0
20170802,227.01,229.51,218.12,219.95,632606000,0,0,0
20170803,220.18,228.29,219.89,225.34,557217000,0,0,0
20170804,225.31,227.62,222.06,223.07,539783000,0,0,0
20170805,222.85,256.51,221.95,256.51,1333000000,0,0,0
20170806,256.42,271.05,252.85,261.57,1482980000,0,0,0
20170807,261.24,271.96,256.69,269.18,935727000,0,0,0
20170808,269.10,298.91,266.80,296.77,1502410000,0,0,0
20170809,297.63,318.72,276.69,296.03,2638580000,0,0,0
20170810,296.96,306.59,289.93,295.89,1076820000,0,0,0
20170811,294.50,309.21,294.50,308.86,953576000,0,0,0
20170812,308.71,317.56,307.90,310.60,1111650000,0,0,0
20170813,310.37,310.82,289.31,298.06,1369370000,0,0,0
20170814,298.03,306.81,296.41,300.10,864391000,0,0,0
20170815,299.95,300.41,279.33,289.82,1051800000,0,0,0
20170816,289.82,303.41,285.38,302.27,967643000,0,0,0
20170817,302.81,311.03,300.25,301.46,909494000,0,0,0
20170818,301.70,307.96,292.50,295.59,936160000,0,0,0
20170819,296.18,301.67,286.18,297.47,860202000,0,0,0
20170820,296.64,301.43,291.58,301.43,571947000,0,0,0
20170821,300.48,347.05,297.23,321.59,2448970000,0,0,0
20170822,321.06,327.36,297.91,314.79,1336400000,0,0,0
20170823,315.27,324.21,314.54,317.52,811990000,0,0,0
20170824,317.45,327.96,317.08,325.61,697665000,0,0,0
20170825,326.11,336.40,325.80,331.92,760329000,0,0,0
20170826,331.99,334.99,327.92,333.88,514181000,0,0,0
20170827,334.36,347.89,334.36,347.89,633370000,0,0,0
20170828,350.04,352.05,338.41,347.75,854319000,0,0,0
20170829,347.96,373.76,347.79,370.67,1220030000,0,0,0
20170830,369.47,388.75,361.97,378.49,1333320000,0,0,0
20170831,378.44,386.14,376.35,383.04,706254000,0,0,0
20170901,383.47,390.04,383.47,387.74,874222000,0,0,0
20170902,387.82,389.35,328.10,348.98,1483600000,0,0,0
20170903,350.23,366.49,332.23,347.48,986266000,0,0,0
20170904,347.13,347.13,279.94,295.17,1801690000,0,0,0
20170905,297.57,318.57,268.29,312.99,1551050000,0,0,0
20170906,313.80,334.66,313.49,334.34,1058830000,0,0,0
20170907,333.52,333.52,319.94,329.43,718624000,0,0,0
20170908,329.64,329.64,285.16,296.50,1098780000,0,0,0
20170909,296.17,299.89,287.22,294.40,528621000,0,0,0
20170910,294.06,294.76,268.97,288.75,698326000,0,0,0
20170911,289.75,300.69,286.69,294.53,571307000,0,0,0
20170912,294.63,311.19,287.23,291.46,753144000,0,0,0
20170913,291.12,291.12,260.61,277.11,921692000,0,0,0
20170914,276.59,280.84,213.91,213.91,1184590000,0,0,0
20170915,215.22,258.65,195.03,250.46,1935700000,0,0,0
20170916,250.87,262.59,238.22,246.52,711737000,0,0,0
20170917,245.85,257.00,235.24,251.75,427452000,0,0,0
20170918,252.23,293.50,252.23,293.50,1127750000,0,0,0
20170919,293.66,295.77,274.48,282.80,646909000,0,0,0
20170920,282.01,290.89,278.05,283.74,421404000,0,0,0
20170921,283.26,286.61,255.02,258.58,601266000,0,0,0
20170922,258.11,270.54,256.22,264.31,430081000,0,0,0
20170923,264.60,286.17,261.12,286.17,450934000,0,0,0
20170924,286.21,292.95,278.13,282.48,571411000,0,0,0
20170925,282.22,293.51,281.88,292.33,483161000,0,0,0
20170926,292.35,293.75,287.02,287.44,345801000,0,0,0
20170927,287.02,308.01,286.82,306.47,550244000,0,0,0
20170928,306.47,307.20,295.47,299.15,501894000,0,0,0
20170929,299.12,299.92,279.77,291.47,541375000,0,0,0
20170930,291.48,303.96,291.11,301.46,332439000,0,0,0
20171001,301.55,303.19,295.06,302.34,306185000,0,0,0
20171002,302.48,302.92,294.58,297.48,339443000,0,0,0
20171003,297.48,300.11,288.13,292.46,321680000,0,0,0
20171004,292.75,299.39,290.89,292.66,257906000,0,0,0
20171005,292.77,298.04,288.84,295.86,253747000,0,0,0
20171006,295.15,308.84,294.95,308.59,318664000,0,0,0
20171007,308.89,313.13,304.98,311.12,342205000,0,0,0
20171008,311.06,312.54,308.03,308.61,293167000,0,0,0
20171009,308.67,309.31,288.19,297.39,559467000,0,0,0
20171010,297.60,306.15,293.17,299.87,359706000,0,0,0
20171011,301.18,304.39,299.10,303.46,264146000,0,0,0
20171012,303.50,309.15,303.29,304.14,527557000,0,0,0
20171013,304.08,348.60,299.66,338.76,1304360000,0,0,0
20171014,338.85,347.98,334.70,339.63,516562000,0,0,0
20171015,339.53,342.72,320.43,336.60,635407000,0,0,0
20171016,336.71,349.35,332.04,333.38,692885000,0,0,0
20171017,333.48,333.48,311.79,317.08,509924000,0,0,0
20171018,316.94,317.24,290.64,314.32,606114000,0,0,0
20171019,314.54,316.71,305.83,308.09,349830000,0,0,0
20171020,308.05,311.44,303.49,304.01,396673000,0,0,0
20171021,303.57,303.93,291.77,300.19,408014000,0,0,0
20171022,300.55,305.50,292.81,295.45,327387000,0,0,0
20171023,295.10,295.75,277.57,286.95,482336000,0,0,0
20171024,287.12,311.96,282.66,298.33,684281000,0,0,0
20171025,298.44,301.85,290.72,297.93,325040000,0,0,0
20171026,298.02,301.07,295.22,296.53,270273000,0,0,0
20171027,296.51,299.26,294.06,297.42,257169000,0,0,0
20171028,297.92,300.36,293.58,296.30,264424000,0,0,0
20171029,296.38,313.75,296.38,305.09,551752000,0,0,0
20171030,304.78,310.50,304.35,307.75,331442000,0,0,0
20171031,307.38,310.55,305.88,305.88,369583000,0,0,0
20171101,305.76,306.40,290.58,291.69,553864000,0,0,0
20171102,290.73,293.91,281.17,287.43,904901000,0,0,0
20171103,288.50,308.31,287.69,305.71,646340000,0,0,0
20171104,305.48,305.48,295.80,300.47,416479000,0,0,0
20171105,300.04,301.37,295.12,296.26,337658000,0,0,0
20171106,296.43,305.42,293.72,298.89,579359000,0,0,0
20171107,298.57,304.84,290.77,294.66,540766000,0,0,0
20171108,294.27,318.70,293.10,309.07,967956000,0,0,0
20171109,308.64,329.45,307.06,320.88,893250000,0,0,0
20171110,320.67,324.72,294.54,299.25,885986000,0,0,0
20171111,298.59,319.45,298.19,314.68,842301000,0,0,0
20171112,314.69,319.15,298.51,307.91,1613480000,0,0,0
20171113,307.02,328.42,307.02,316.72,1041890000,0,0,0
20171114,316.76,340.18,316.76,337.63,1069680000,0,0,0
20171115,337.96,340.91,329.81,333.36,722666000,0,0,0
20171116,333.44,336.16,323.61,330.92,797254000,0,0,0
20171117,330.17,334.96,327.52,332.39,621733000,0,0,0
20171118,331.98,349.62,327.69,347.61,649639000,0,0,0
20171119,347.40,371.29,344.74,354.39,1181530000,0,0,0
20171120,354.09,372.14,353.29,366.73,807027000,0,0,0
20171121,367.44,372.47,350.69,360.40,949912000,0,0,0
20171122,360.31,381.42,360.15,380.65,800819000,0,0,0
20171123,381.44,425.55,376.09,410.17,1845680000,0,0,0
20171124,412.50,480.97,402.76,474.91,2292830000,0,0,0
20171125,475.68,485.19,461.05,466.28,1422080000,0,0,0
20171126,465.97,472.72,451.61,471.33,1197780000,0,0,0
20171127,471.53,493.40,468.49,480.36,1396480000,0,0,0
20171128,480.52,482.48,466.35,472.90,1346500000,0,0,0
20171129,473.28,522.31,425.07,427.52,2675940000,0,0,0
20171130,431.21,465.50,401.24,447.11,1903040000,0,0,0
20171201,445.21,472.61,428.31,466.54,1247880000,0,0,0
20171202,466.85,476.24,456.65,463.45,943650000,0,0,0
20171203,463.70,482.81,451.85,465.85,990557000,0,0,0
