DATE,OPEN,HIGH,LOW,CLOSE,VOL,P,R,RINFO
20130428,4.30,4.40,4.18,4.35,-,0,0,0
20130429,4.37,4.57,4.23,4.38,-,0,0,0
20130430,4.40,4.57,4.17,4.30,-,0,0,0
20130501,4.29,4.36,3.52,3.80,-,0,0,0
20130502,3.78,4.04,3.01,3.37,-,0,0,0
20130503,3.39,3.45,2.40,3.04,-,0,0,0
20130504,3.03,3.64,2.90,3.48,-,0,0,0
20130505,3.49,3.69,3.35,3.59,-,0,0,0
20130506,3.59,3.78,3.12,3.37,-,0,0,0
20130507,3.37,3.41,2.94,3.33,-,0,0,0
20130508,3.28,3.49,3.28,3.41,-,0,0,0
20130509,3.40,3.44,3.29,3.42,-,0,0,0
20130510,3.41,3.63,3.37,3.44,-,0,0,0
20130511,3.46,3.48,3.30,3.35,-,0,0,0
20130512,3.36,3.42,3.22,3.27,-,0,0,0
20130513,3.26,3.37,3.20,3.28,-,0,0,0
20130514,3.28,3.33,2.78,2.82,-,0,0,0
20130515,2.82,3.04,2.64,2.94,-,0,0,0
20130516,2.93,2.97,2.69,2.92,-,0,0,0
20130517,2.89,3.34,2.87,3.19,-,0,0,0
20130518,3.20,3.36,3.13,3.29,-,0,0,0
20130519,3.30,3.41,3.19,3.30,-,0,0,0
20130520,3.31,3.32,3.15,3.18,-,0,0,0
20130521,3.19,3.22,3.04,3.09,-,0,0,0
20130522,3.09,3.14,3.03,3.12,-,0,0,0
20130523,3.12,3.19,3.09,3.18,-,0,0,0
20130524,3.17,3.19,3.04,3.18,-,0,0,0
20130525,3.19,3.20,3.05,3.12,-,0,0,0
20130526,3.12,3.33,3.09,3.25,-,0,0,0
20130527,3.23,3.26,3.02,3.10,-,0,0,0
20130528,3.10,3.13,3.02,3.09,-,0,0,0
20130529,3.09,3.12,3.02,3.10,-,0,0,0
20130530,3.08,3.09,2.88,2.97,-,0,0,0
20130531,2.97,2.99,2.69,2.96,-,0,0,0
20130601,2.94,2.97,2.80,2.83,-,0,0,0
20130602,2.83,2.86,2.56,2.73,-,0,0,0
20130603,2.73,2.75,2.61,2.73,-,0,0,0
20130604,2.70,2.90,2.70,2.87,-,0,0,0
20130605,2.87,2.99,2.81,2.86,-,0,0,0
20130606,2.88,2.91,2.74,2.75,-,0,0,0
20130607,2.78,2.79,2.51,2.60,-,0,0,0
20130608,2.60,2.66,2.54,2.56,-,0,0,0
20130609,2.55,2.59,2.07,2.38,-,0,0,0
20130610,2.38,2.58,2.26,2.49,-,0,0,0
20130611,2.49,2.50,2.18,2.40,-,0,0,0
20130612,2.41,2.45,2.31,2.38,-,0,0,0
20130613,2.40,2.49,2.23,2.27,-,0,0,0
20130614,2.27,2.29,2.09,2.13,-,0,0,0
20130615,2.14,2.21,2.05,2.11,-,0,0,0
20130616,2.09,2.15,2.02,2.13,-,0,0,0
20130617,2.14,2.29,2.09,2.28,-,0,0,0
20130618,2.28,2.37,2.19,2.31,-,0,0,0
20130619,2.30,2.34,2.25,2.30,-,0,0,0
20130620,2.30,2.40,2.27,2.29,-,0,0,0
20130621,2.33,2.87,2.27,2.87,-,0,0,0
20130622,2.86,3.58,2.66,2.92,-,0,0,0
20130623,2.90,3.34,2.90,3.12,-,0,0,0
20130624,3.13,3.15,2.71,2.87,-,0,0,0
20130625,2.85,2.91,2.77,2.82,-,0,0,0
20130626,2.81,2.95,2.75,2.86,-,0,0,0
20130627,2.88,3.03,2.84,3.02,-,0,0,0
20130628,3.04,3.04,2.67,2.75,-,0,0,0
20130629,2.76,2.93,2.70,2.79,-,0,0,0
20130630,2.79,3.00,2.77,2.98,-,0,0,0
20130701,3.01,3.30,2.88,2.95,-,0,0,0
20130702,2.95,3.03,2.81,2.83,-,0,0,0
20130703,2.85,3.03,2.61,2.62,-,0,0,0
20130704,2.68,2.78,2.49,2.73,-,0,0,0
20130705,2.71,2.72,2.33,2.43,-,0,0,0
20130706,2.42,2.62,2.37,2.52,-,0,0,0
20130707,2.46,2.66,2.38,2.66,-,0,0,0
20130708,2.71,2.74,2.49,2.61,-,0,0,0
20130709,2.58,2.65,2.48,2.61,-,0,0,0
20130710,2.61,2.81,2.58,2.81,-,0,0,0
20130711,2.84,2.87,2.64,2.73,-,0,0,0
20130712,2.72,2.91,2.70,2.79,-,0,0,0
20130713,2.81,2.91,2.67,2.90,-,0,0,0
20130714,2.93,2.97,2.78,2.91,-,0,0,0
20130715,2.87,3.06,2.85,2.98,-,0,0,0
20130716,3.00,3.18,2.95,3.10,-,0,0,0
20130717,3.08,3.17,3.06,3.15,-,0,0,0
20130718,3.15,3.15,2.76,2.89,-,0,0,0
20130719,2.88,3.05,2.80,2.96,-,0,0,0
20130720,2.96,3.01,2.86,2.86,-,0,0,0
20130721,2.87,2.95,2.81,2.92,-,0,0,0
20130722,2.95,2.95,2.86,2.89,-,0,0,0
20130723,2.89,3.01,2.88,2.99,-,0,0,0
20130724,2.99,2.99,2.88,2.94,-,0,0,0
20130725,2.95,3.02,2.92,2.97,-,0,0,0
20130726,2.98,2.99,2.83,2.90,-,0,0,0
20130727,2.90,2.94,2.84,2.88,-,0,0,0
20130728,2.88,3.03,2.84,2.98,-,0,0,0
20130729,2.94,3.04,2.94,2.96,-,0,0,0
20130730,2.97,3.00,2.88,2.99,-,0,0,0
20130731,3.00,3.03,2.84,2.87,-,0,0,0
20130801,2.87,3.01,2.85,2.91,-,0,0,0
20130802,2.94,2.97,2.82,2.84,-,0,0,0
20130803,2.84,3.12,2.81,2.96,-,0,0,0
20130804,3.01,3.05,2.94,3.01,-,0,0,0
20130805,3.00,3.03,2.82,2.83,-,0,0,0
20130806,2.84,2.90,2.79,2.82,-,0,0,0
20130807,2.82,2.82,2.70,2.76,-,0,0,0
20130808,2.75,2.81,2.67,2.70,-,0,0,0
20130809,2.71,2.76,2.66,2.68,-,0,0,0
20130810,2.69,2.71,2.56,2.56,-,0,0,0
20130811,2.55,2.72,2.53,2.69,-,0,0,0
20130812,2.69,2.72,2.58,2.65,-,0,0,0
20130813,2.66,2.76,2.62,2.74,-,0,0,0
20130814,2.76,2.83,2.69,2.73,-,0,0,0
20130815,2.74,2.83,2.69,2.76,-,0,0,0
20130816,2.76,2.79,2.70,2.72,-,0,0,0
20130817,2.72,2.84,2.69,2.82,-,0,0,0
20130818,2.80,2.86,2.77,2.80,-,0,0,0
20130819,2.80,2.89,2.74,2.82,-,0,0,0
20130820,2.82,2.88,2.76,2.78,-,0,0,0
20130821,2.77,2.84,2.59,2.70,-,0,0,0
20130822,2.69,2.78,2.59,2.75,-,0,0,0
20130823,2.78,2.88,2.67,2.72,-,0,0,0
20130824,2.74,2.78,2.67,2.69,-,0,0,0
20130825,2.68,2.71,2.52,2.59,-,0,0,0
20130826,2.58,2.65,2.56,2.57,-,0,0,0
20130827,2.57,2.65,2.49,2.57,-,0,0,0
20130828,2.58,2.60,2.51,2.52,-,0,0,0
20130829,2.54,2.58,2.52,2.55,-,0,0,0
20130830,2.54,2.73,2.51,2.66,-,0,0,0
20130831,2.66,2.69,2.55,2.58,-,0,0,0
20130901,2.59,2.76,2.54,2.58,-,0,0,0
20130902,2.57,2.74,2.54,2.56,-,0,0,0
20130903,2.55,2.62,2.49,2.60,-,0,0,0
20130904,2.60,3.19,2.60,2.81,-,0,0,0
20130905,2.82,2.95,2.71,2.75,-,0,0,0
20130906,2.78,2.84,2.65,2.69,-,0,0,0
20130907,2.68,2.76,2.67,2.71,-,0,0,0
20130908,2.70,2.77,2.67,2.73,-,0,0,0
20130909,2.73,2.76,2.65,2.73,-,0,0,0
20130910,2.73,2.73,2.62,2.64,-,0,0,0
20130911,2.64,2.81,2.61,2.72,-,0,0,0
20130912,2.75,2.75,2.66,2.70,-,0,0,0
20130913,2.69,2.74,2.60,2.67,-,0,0,0
20130914,2.66,2.68,2.52,2.54,-,0,0,0
20130915,2.59,2.72,2.55,2.64,-,0,0,0
20130916,2.65,2.68,2.60,2.63,-,0,0,0
20130917,2.63,2.65,2.48,2.60,-,0,0,0
20130918,2.60,2.63,2.54,2.56,-,0,0,0
20130919,2.55,2.63,2.55,2.62,-,0,0,0
20130920,2.61,2.72,2.46,2.48,-,0,0,0
20130921,2.48,2.57,2.47,2.51,-,0,0,0
20130922,2.53,2.64,2.49,2.53,-,0,0,0
20130923,2.53,2.63,2.46,2.47,-,0,0,0
20130924,2.47,2.50,2.42,2.47,-,0,0,0
20130925,2.47,2.51,2.37,2.37,-,0,0,0
20130926,2.37,2.53,2.37,2.39,-,0,0,0
20130927,2.40,2.49,2.36,2.40,-,0,0,0
20130928,2.39,2.40,2.23,2.25,-,0,0,0
20130929,2.27,2.40,2.25,2.30,-,0,0,0
20130930,2.30,2.45,2.23,2.35,-,0,0,0
20131001,2.34,2.51,2.33,2.42,-,0,0,0
20131002,2.42,2.47,1.62,1.97,-,0,0,0
20131003,1.98,2.18,1.92,2.17,-,0,0,0
20131004,2.18,2.26,2.18,2.20,-,0,0,0
20131005,2.19,2.22,2.12,2.15,-,0,0,0
20131006,2.13,2.20,2.12,2.17,-,0,0,0
20131007,2.17,2.20,2.08,2.10,-,0,0,0
20131008,2.10,2.11,1.89,1.98,-,0,0,0
20131009,1.98,2.00,1.86,1.92,-,0,0,0
20131010,1.93,2.38,1.85,2.03,-,0,0,0
20131011,2.03,2.22,1.91,2.07,-,0,0,0
20131012,2.07,2.14,2.06,2.12,-,0,0,0
20131013,2.12,2.19,2.10,2.13,-,0,0,0
20131014,2.15,2.17,2.03,2.05,-,0,0,0
20131015,2.06,2.08,1.90,1.96,-,0,0,0
20131016,1.97,2.04,1.85,1.92,-,0,0,0
20131017,1.92,1.96,1.88,1.91,-,0,0,0
20131018,1.92,1.94,1.88,1.90,-,0,0,0
20131019,1.91,2.00,1.82,1.88,-,0,0,0
20131020,1.87,1.96,1.87,1.93,-,0,0,0
20131021,1.93,1.95,1.78,1.82,-,0,0,0
20131022,1.82,1.84,1.64,1.70,-,0,0,0
20131023,1.70,2.37,1.69,2.05,-,0,0,0
20131024,2.06,2.39,1.95,2.27,-,0,0,0
20131025,2.29,2.65,2.12,2.18,-,0,0,0
20131026,2.16,2.30,2.15,2.21,-,0,0,0
20131027,2.20,2.27,2.09,2.13,-,0,0,0
20131028,2.13,2.23,2.11,2.18,-,0,0,0
20131029,2.17,2.22,2.12,2.13,-,0,0,0
20131030,2.13,2.31,2.11,2.29,-,0,0,0
20131031,2.28,2.38,2.21,2.36,-,0,0,0
20131101,2.34,2.48,2.33,2.45,-,0,0,0
20131102,2.46,2.75,2.37,2.70,-,0,0,0
20131103,2.72,3.32,2.48,2.88,-,0,0,0
20131104,2.90,3.17,2.77,3.08,-,0,0,0
20131105,3.08,3.14,2.87,3.04,-,0,0,0
20131106,3.04,3.51,3.00,3.39,-,0,0,0
20131107,3.36,4.55,3.35,4.39,-,0,0,0
20131108,4.38,4.80,4.35,4.61,-,0,0,0
20131109,4.61,4.65,3.80,4.22,-,0,0,0
20131110,4.34,4.34,3.25,3.93,-,0,0,0
20131111,3.91,4.10,3.70,4.00,-,0,0,0
20131112,4.01,4.09,3.89,3.98,-,0,0,0
20131113,4.02,4.30,3.96,4.11,-,0,0,0
20131114,4.11,4.39,4.07,4.29,-,0,0,0
20131115,4.27,4.42,4.07,4.21,-,0,0,0
20131116,4.19,4.42,4.18,4.30,-,0,0,0
20131117,4.33,4.40,4.09,4.09,-,0,0,0
20131118,4.13,9.89,3.74,9.37,-,0,0,0
20131119,9.42,10.27,6.66,8.03,-,0,0,0
20131120,7.96,8.21,6.00,7.98,-,0,0,0
20131121,8.01,9.51,7.79,9.35,-,0,0,0
20131122,9.36,10.35,8.81,10.13,-,0,0,0
20131123,10.12,11.08,10.05,10.61,-,0,0,0
20131124,10.59,10.81,9.50,10.41,-,0,0,0
20131125,10.32,12.36,10.21,12.27,-,0,0,0
20131126,12.38,20.35,11.81,20.35,-,0,0,0
20131127,19.91,39.04,19.04,39.04,-,0,0,0
20131128,38.99,53.15,36.86,43.39,-,0,0,0
20131129,44.37,47.94,28.61,37.74,-,0,0,0
20131130,36.94,43.78,35.01,40.47,-,0,0,0
20131201,40.57,42.03,27.86,34.74,-,0,0,0
20131202,34.47,35.82,27.25,33.18,-,0,0,0
20131203,33.35,39.79,31.12,39.79,-,0,0,0
20131204,39.32,45.73,37.90,44.73,-,0,0,0
20131205,44.53,44.53,31.14,37.75,-,0,0,0
20131206,37.46,37.64,29.06,29.84,-,0,0,0
20131207,29.74,30.74,20.80,23.29,-,0,0,0
20131208,23.18,27.48,21.20,27.27,-,0,0,0
20131209,27.21,33.02,26.45,31.57,-,0,0,0
20131210,31.50,36.69,31.50,36.29,-,0,0,0
20131211,36.29,37.17,28.95,30.98,-,0,0,0
20131212,31.23,32.44,29.84,31.59,-,0,0,0
20131213,31.65,33.73,29.90,31.20,-,0,0,0
20131214,31.45,31.83,29.82,30.38,-,0,0,0
20131215,30.46,31.71,28.21,31.28,-,0,0,0
20131216,31.39,31.60,23.76,24.64,-,0,0,0
20131217,24.43,26.12,19.79,21.97,-,0,0,0
20131218,21.85,21.90,9.63,13.39,-,0,0,0
20131219,13.43,20.11,13.43,19.91,-,0,0,0
20131220,19.85,21.95,16.88,17.57,-,0,0,0
20131221,17.31,18.97,16.05,16.73,-,0,0,0
20131222,16.60,18.23,16.19,16.86,-,0,0,0
20131223,16.74,18.04,16.69,17.89,-,0,0,0
20131224,17.81,18.11,17.09,17.64,-,0,0,0
20131225,17.65,21.15,17.09,21.15,-,0,0,0
20131226,21.65,25.42,21.65,24.76,-,0,0,0
20131227,24.81,25.27,22.26,23.27,31112200,0,0,0
20131228,23.19,23.22,21.93,22.56,11003700,0,0,0
20131229,22.56,24.39,22.20,24.07,11384200,0,0,0
20131230,23.89,24.95,23.74,24.38,12439600,0,0,0
20131231,24.51,24.60,23.71,24.35,7446870,0,0,0
20140101,24.35,25.01,24.31,24.62,8092540,0,0,0
20140102,24.70,26.59,24.28,25.76,24848700,0,0,0
20140103,25.67,25.93,23.99,24.82,21122000,0,0,0
20140104,24.81,25.61,24.18,25.11,12141900,0,0,0
20140105,25.04,28.00,24.80,26.83,29995000,0,0,0
20140106,26.91,32.06,26.52,29.22,55258000,0,0,0
20140107,29.24,30.49,23.25,23.25,44133600,0,0,0
20140108,22.84,25.53,21.81,24.39,45716500,0,0,0
20140109,24.49,25.23,23.16,24.43,20669400,0,0,0
20140110,24.45,25.11,23.63,24.93,9761000,0,0,0
20140111,24.99,27.34,24.75,26.79,24313000,0,0,0
20140112,27.05,27.42,24.56,25.09,20433500,0,0,0
20140113,25.13,25.13,23.51,24.27,16726300,0,0,0
20140114,24.28,24.74,23.78,24.10,7753650,0,0,0
20140115,24.10,25.78,23.99,25.22,12136300,0,0,0
20140116,25.27,25.54,24.41,24.46,7030480,0,0,0
20140117,24.40,24.58,23.19,23.71,10610700,0,0,0
20140118,23.81,24.55,23.75,24.55,5190400,0,0,0
20140119,24.56,25.44,24.09,25.44,6974650,0,0,0
20140120,25.43,25.74,24.90,25.20,6186070,0,0,0
20140121,25.20,25.58,24.66,24.73,4743190,0,0,0
20140122,24.85,24.89,23.16,23.65,10957200,0,0,0
20140123,23.65,23.96,22.24,22.38,9875320,0,0,0
20140124,22.30,22.30,19.56,20.72,24376400,0,0,0
20140125,20.70,23.65,20.39,23.08,11953200,0,0,0
20140126,23.20,25.08,22.54,24.12,12199200,0,0,0
20140127,24.13,24.55,19.66,20.02,16380200,0,0,0
20140128,20.12,22.68,20.05,21.55,15500400,0,0,0
20140129,21.42,22.34,21.42,21.92,6053630,0,0,0
20140130,21.91,22.09,21.01,21.69,8373710,0,0,0
20140131,21.65,22.13,21.49,22.13,2952510,0,0,0
20140201,22.10,23.38,22.08,22.47,6694190,0,0,0
20140202,22.50,23.01,22.17,22.40,3546110,0,0,0
20140203,22.37,22.52,21.60,21.91,3524210,0,0,0
20140204,21.90,21.97,21.35,21.46,4879620,0,0,0
20140205,21.53,21.79,20.78,20.78,4936760,0,0,0
20140206,20.86,20.89,19.82,19.91,7828450,0,0,0
20140207,19.90,19.90,17.70,18.54,16757700,0,0,0
20140208,18.53,18.98,17.80,18.08,6965790,0,0,0
20140209,18.02,18.83,17.53,18.22,5744230,0,0,0
20140210,18.30,18.69,14.13,17.73,27097100,0,0,0
20140211,17.76,18.69,16.77,17.46,16089200,0,0,0
20140212,17.41,17.47,16.75,16.95,5629570,0,0,0
20140213,16.93,17.12,15.26,15.29,10353300,0,0,0
20140214,15.37,17.05,13.31,16.41,24859900,0,0,0
20140215,16.45,16.50,15.76,16.17,3971300,0,0,0
20140216,16.09,16.55,14.53,15.20,7650140,0,0,0
20140217,15.14,16.26,15.02,15.49,5834890,0,0,0
20140218,15.47,15.94,15.38,15.62,2986580,0,0,0
20140219,15.56,15.84,15.49,15.73,2741110,0,0,0
20140220,15.70,15.80,13.92,13.98,9196220,0,0,0
20140221,13.98,14.36,13.18,13.89,7258070,0,0,0
20140222,13.92,15.22,13.67,14.94,6373580,0,0,0
20140223,14.98,16.16,14.78,15.49,8169300,0,0,0
20140224,15.42,15.46,14.31,14.55,7749270,0,0,0
20140225,14.50,14.50,11.41,13.82,23785700,0,0,0
20140226,13.80,14.90,13.69,14.23,11189500,0,0,0
20140227,14.26,14.54,13.89,14.29,3859700,0,0,0
20140228,14.29,14.29,13.07,13.23,6549690,0,0,0
20140301,13.23,13.82,13.04,13.65,3267220,0,0,0
20140302,13.66,13.71,12.72,12.74,3812480,0,0,0
20140303,12.78,14.46,12.23,14.27,17573800,0,0,0
20140304,14.29,18.55,14.15,17.07,47109100,0,0,0
20140305,16.99,17.29,15.70,16.34,11390300,0,0,0
20140306,16.38,16.91,16.09,16.46,8044810,0,0,0
20140307,16.48,16.59,15.60,15.85,6222120,0,0,0
20140308,15.86,16.10,15.16,15.41,5923750,0,0,0
20140309,15.41,16.37,15.17,16.00,6666580,0,0,0
20140310,15.98,16.52,15.77,16.01,5340680,0,0,0
20140311,16.01,16.23,15.85,16.14,3714800,0,0,0
20140312,16.10,17.24,16.10,17.18,12417500,0,0,0
20140313,17.16,17.19,16.89,17.02,4116820,0,0,0
20140314,17.00,17.06,16.48,16.59,4006980,0,0,0
20140315,16.60,17.00,16.56,16.90,3080560,0,0,0
20140316,16.89,17.50,16.86,17.35,5627180,0,0,0
20140317,17.35,17.51,17.07,17.31,6764140,0,0,0
20140318,17.29,19.83,17.11,19.42,28101700,0,0,0
20140319,19.45,20.98,17.23,17.24,35045000,0,0,0
20140320,17.17,17.17,15.76,16.47,15946500,0,0,0
20140321,16.40,17.07,14.95,15.70,18958100,0,0,0
20140322,15.64,15.84,15.23,15.71,6305450,0,0,0
20140323,15.71,15.75,15.32,15.36,2493740,0,0,0
20140324,15.30,16.19,14.88,16.19,8181220,0,0,0
20140325,16.23,16.39,15.82,16.30,6448800,0,0,0
20140326,16.29,16.81,16.14,16.27,7946950,0,0,0
20140327,16.28,16.28,12.48,12.48,25956800,0,0,0
20140328,12.66,14.73,12.39,13.74,20549800,0,0,0
20140329,13.91,13.95,13.45,13.45,3442020,0,0,0
20140330,13.45,13.55,12.64,13.14,10933600,0,0,0
20140331,13.15,13.62,12.59,12.75,7248790,0,0,0
20140401,12.77,13.67,12.76,13.13,7346120,0,0,0
20140402,13.09,13.37,10.94,11.29,14966900,0,0,0
20140403,11.26,11.26,10.29,11.05,10985500,0,0,0
20140404,11.07,11.39,10.72,11.02,5857970,0,0,0
20140405,11.00,11.24,10.86,11.20,3023900,0,0,0
20140406,11.18,11.90,11.09,11.64,5093420,0,0,0
20140407,11.66,11.93,11.26,11.26,3903230,0,0,0
20140408,11.21,11.65,11.11,11.36,3435810,0,0,0
20140409,11.38,11.51,11.15,11.19,2084940,0,0,0
20140410,11.19,11.28,8.13,8.46,15032300,0,0,0
20140411,8.42,11.37,8.18,10.95,18745900,0,0,0
20140412,10.90,11.56,10.59,10.66,7740060,0,0,0
20140413,10.66,10.96,9.68,10.31,6250360,0,0,0
20140414,10.39,11.69,10.01,11.52,11481300,0,0,0
20140415,11.46,13.44,11.31,13.25,15088900,0,0,0
20140416,13.30,14.22,12.69,13.37,17352400,0,0,0
20140417,13.42,13.74,12.22,12.52,10919300,0,0,0
20140418,12.46,12.64,11.68,12.06,8631860,0,0,0
20140419,12.05,12.89,11.64,12.82,6728010,0,0,0
20140420,12.86,13.12,12.43,12.62,6195390,0,0,0
20140421,12.56,12.93,12.35,12.50,3872040,0,0,0
20140422,12.50,12.61,12.05,12.07,2969980,0,0,0
20140423,12.04,12.21,11.98,12.13,2381190,0,0,0
20140424,12.14,12.63,11.85,12.55,4714780,0,0,0
20140425,12.54,12.55,10.47,10.79,13003700,0,0,0
20140426,10.81,10.85,10.39,10.57,3156250,0,0,0
20140427,10.56,10.65,9.88,9.92,3349260,0,0,0
20140428,9.79,10.33,9.71,10.13,3537560,0,0,0
20140429,10.12,10.47,9.98,10.40,3346380,0,0,0
20140430,10.40,11.12,10.31,10.90,7592450,0,0,0
20140501,10.93,11.38,10.90,11.10,4444330,0,0,0
20140502,11.13,11.13,10.43,10.50,3393190,0,0,0
20140503,10.52,10.55,10.10,10.31,2928390,0,0,0
20140504,10.30,10.37,10.20,10.32,1260130,0,0,0
20140505,10.31,10.38,10.15,10.18,1638510,0,0,0
20140506,10.21,10.55,9.84,10.33,4018180,0,0,0
20140507,10.34,11.01,10.24,10.51,3668840,0,0,0
20140508,10.51,10.78,10.44,10.45,2346290,0,0,0
20140509,10.42,10.84,10.42,10.75,2586370,0,0,0
20140510,10.76,10.87,10.66,10.73,1993440,0,0,0
20140511,10.72,10.76,10.30,10.36,2521270,0,0,0
20140512,10.34,10.47,10.31,10.41,1422620,0,0,0
20140513,10.42,10.46,10.36,10.42,1754030,0,0,0
20140514,10.41,10.49,10.39,10.43,1343860,0,0,0
20140515,10.43,10.59,10.41,10.45,1692880,0,0,0
20140516,10.48,10.50,10.39,10.41,1458420,0,0,0
20140517,10.44,10.46,10.34,10.35,1086520,0,0,0
20140518,10.35,10.45,10.28,10.36,908962,0,0,0
20140519,10.34,10.38,10.27,10.30,1194390,0,0,0
20140520,10.30,10.79,10.29,10.63,4912980,0,0,0
20140521,10.60,10.74,10.53,10.59,2653860,0,0,0
20140522,10.58,10.77,10.48,10.67,5186880,0,0,0
20140523,10.65,11.79,10.65,11.23,9134640,0,0,0
20140524,11.21,11.21,10.99,11.10,2574380,0,0,0
20140525,11.12,11.80,11.12,11.53,9072890,0,0,0
20140526,11.58,11.75,11.46,11.56,4063340,0,0,0
20140527,11.55,11.61,11.07,11.15,4409430,0,0,0
20140528,11.16,11.21,10.91,11.03,3167200,0,0,0
20140529,11.01,11.05,10.78,10.78,2006930,0,0,0
20140530,10.78,11.37,10.69,11.25,6192970,0,0,0
20140531,11.26,11.30,10.81,10.93,4417180,0,0,0
20140601,10.93,11.56,10.89,11.14,7308220,0,0,0
20140602,11.15,11.73,11.12,11.36,6097460,0,0,0
20140603,11.36,11.54,11.33,11.48,3646880,0,0,0
20140604,11.47,11.51,10.93,11.06,4085750,0,0,0
20140605,11.04,11.32,11.01,11.29,4103560,0,0,0
20140606,11.30,11.36,11.17,11.20,2062460,0,0,0
20140607,11.20,11.20,10.98,11.11,1878190,0,0,0
20140608,11.11,11.29,11.09,11.27,1880630,0,0,0
20140609,11.27,11.29,11.11,11.18,1784790,0,0,0
20140610,11.21,11.25,11.09,11.11,2752500,0,0,0
20140611,11.10,11.17,10.94,10.94,2064260,0,0,0
20140612,10.93,10.97,9.98,10.17,4748730,0,0,0
20140613,10.16,10.47,10.08,10.25,2338830,0,0,0
20140614,10.26,10.30,9.67,9.93,3232610,0,0,0
20140615,9.87,9.95,9.53,9.94,2788040,0,0,0
20140616,9.96,10.05,9.68,9.71,2633400,0,0,0
20140617,9.68,9.77,9.52,9.66,2214920,0,0,0
20140618,9.67,9.73,9.58,9.68,1703900,0,0,0
20140619,9.68,10.16,9.60,9.99,3395730,0,0,0
20140620,10.00,10.01,9.80,9.83,1862810,0,0,0
20140621,9.84,9.87,9.67,9.83,1201330,0,0,0
20140622,9.85,9.92,9.74,9.77,1382550,0,0,0
20140623,9.77,10.93,9.66,9.72,1306090,0,0,0
20140624,9.73,9.78,9.62,9.63,1449760,0,0,0
20140625,9.61,9.66,9.19,9.19,2061300,0,0,0
20140626,9.20,9.26,9.01,9.09,2457120,0,0,0
20140627,9.09,9.29,9.09,9.25,1574680,0,0,0
20140628,9.27,9.28,9.17,9.19,1466260,0,0,0
20140629,9.20,9.27,8.89,8.96,2181070,0,0,0
20140630,8.97,9.10,8.79,8.95,4287560,0,0,0
20140701,8.96,9.03,7.79,7.79,6485840,0,0,0
20140702,7.98,8.47,7.69,8.16,7882050,0,0,0
20140703,8.07,8.17,7.95,8.03,2917800,0,0,0
20140704,8.03,8.04,7.31,7.34,3545090,0,0,0
20140705,7.32,7.39,6.76,7.28,5330180,0,0,0
20140706,7.30,7.37,6.85,7.11,2569530,0,0,0
20140707,7.10,7.61,6.97,7.56,5011390,0,0,0
20140708,7.58,7.80,7.58,7.73,2798300,0,0,0
20140709,7.77,7.99,7.73,7.79,2978550,0,0,0
20140710,7.78,7.84,7.66,7.79,1988790,0,0,0
20140711,7.80,7.96,7.79,7.85,1996570,0,0,0
20140712,7.86,8.73,7.84,8.62,5976190,0,0,0
20140713,8.61,9.11,8.57,8.90,5485690,0,0,0
20140714,8.90,8.90,8.49,8.62,4107330,0,0,0
20140715,8.62,8.73,8.54,8.56,1729530,0,0,0
20140716,8.56,8.56,8.29,8.32,3440990,0,0,0
20140717,8.33,8.69,8.28,8.66,2659970,0,0,0
20140718,8.66,8.80,8.57,8.72,2515210,0,0,0
20140719,8.72,8.74,8.61,8.61,1577680,0,0,0
20140720,8.61,8.65,8.41,8.46,1790490,0,0,0
20140721,8.46,8.62,8.36,8.59,1553560,0,0,0
20140722,8.59,9.29,8.56,8.57,910432,0,0,0
20140723,8.57,8.61,8.45,8.46,1221280,0,0,0
20140724,8.47,8.50,7.79,7.79,3899860,0,0,0
20140725,7.78,7.99,7.48,7.55,3168960,0,0,0
20140726,7.58,7.70,7.52,7.60,1317700,0,0,0
20140727,7.61,7.81,7.56,7.75,1806430,0,0,0
20140728,7.76,7.81,7.46,7.59,1890990,0,0,0
20140729,7.59,7.67,7.55,7.65,1088110,0,0,0
20140730,7.65,7.66,7.26,7.26,1803280,0,0,0
20140731,7.28,7.59,7.10,7.54,3047710,0,0,0
20140801,7.54,7.78,7.45,7.70,1849420,0,0,0
20140802,7.71,7.72,7.58,7.63,1113910,0,0,0
20140803,7.63,7.64,7.53,7.54,777123,0,0,0
20140804,7.54,10.97,7.38,7.41,1150700,0,0,0
20140805,7.41,7.41,7.21,7.27,1400060,0,0,0
20140806,7.26,7.28,7.14,7.18,1047680,0,0,0
20140807,7.19,7.21,6.85,7.18,3306010,0,0,0
20140808,7.18,7.29,7.04,7.06,1710740,0,0,0
20140809,7.06,7.07,6.90,6.94,2392250,0,0,0
20140810,6.95,7.01,6.92,6.95,883892,0,0,0
20140811,6.96,6.96,5.95,6.06,5822370,0,0,0
20140812,6.06,6.06,5.46,5.65,5792680,0,0,0
20140813,5.65,5.74,4.84,5.04,7394390,0,0,0
20140814,5.04,5.24,4.82,5.04,4880800,0,0,0
20140815,5.06,5.21,4.97,5.05,1986680,0,0,0
20140816,5.05,5.06,4.92,4.98,1776270,0,0,0
20140817,4.97,5.00,4.27,4.33,3669990,0,0,0
20140818,4.35,4.41,3.58,3.71,7745910,0,0,0
20140819,3.71,4.76,3.65,4.67,8650900,0,0,0
20140820,4.72,5.69,4.40,5.45,10691200,0,0,0
20140821,5.46,6.13,5.46,5.80,10657900,0,0,0
20140822,5.80,5.81,5.01,5.25,6563270,0,0,0
20140823,5.24,5.25,4.72,4.90,4216910,0,0,0
20140824,4.89,5.62,4.87,5.45,7834340,0,0,0
20140825,5.40,5.43,5.12,5.21,3771750,0,0,0
20140826,5.20,5.59,5.20,5.54,4855760,0,0,0
20140827,5.55,5.82,5.31,5.39,6557750,0,0,0
20140828,5.39,5.46,5.14,5.28,3621080,0,0,0
20140829,5.29,5.39,5.18,5.36,2455120,0,0,0
20140830,5.36,5.42,5.17,5.23,2227060,0,0,0
20140831,5.21,5.23,4.82,4.86,6174680,0,0,0
20140901,4.86,4.96,4.71,4.71,2185090,0,0,0
20140902,4.71,4.89,4.64,4.82,3392930,0,0,0
20140903,4.82,4.92,4.77,4.87,1452640,0,0,0
20140904,4.87,5.29,4.86,5.18,3630100,0,0,0
20140905,5.17,5.21,4.96,4.96,1855340,0,0,0
20140906,4.97,5.07,4.95,4.98,1604380,0,0,0
20140907,4.99,5.20,4.98,5.16,2465670,0,0,0
20140908,5.16,5.19,4.98,5.10,3382240,0,0,0
20140909,5.09,5.11,4.98,5.07,2241750,0,0,0
20140910,5.06,5.41,5.04,5.34,4708510,0,0,0
20140911,5.34,5.53,5.30,5.45,4135310,0,0,0
20140912,5.46,5.46,5.31,5.38,2226060,0,0,0
20140913,5.39,5.49,5.33,5.45,2376730,0,0,0
20140914,5.45,5.48,5.39,5.40,2082360,0,0,0
20140915,5.40,5.42,5.15,5.18,3140670,0,0,0
20140916,5.17,5.17,5.05,5.07,2227620,0,0,0
20140917,5.09,5.17,4.97,5.06,3071840,0,0,0
20140918,5.07,5.07,4.58,4.69,4569260,0,0,0
20140919,4.69,4.76,4.25,4.33,3917450,0,0,0
20140920,4.33,4.62,4.20,4.29,5490660,0,0,0
20140921,4.26,4.30,4.15,4.25,2931220,0,0,0
20140922,4.25,4.42,4.21,4.24,1855960,0,0,0
20140923,4.24,4.88,4.19,4.75,4661670,0,0,0
20140924,4.74,4.75,4.63,4.67,2662290,0,0,0
20140925,4.67,4.67,4.45,4.51,2046960,0,0,0
20140926,4.51,4.55,4.39,4.43,1548350,0,0,0
20140927,4.43,4.49,4.40,4.42,889525,0,0,0
20140928,4.42,4.46,4.20,4.23,1741170,0,0,0
20140929,4.24,4.33,4.20,4.25,1712650,0,0,0
20140930,4.25,4.55,4.23,4.47,2456420,0,0,0
20141001,4.47,4.50,4.38,4.43,1172180,0,0,0
20141002,4.43,4.46,4.29,4.32,1124950,0,0,0
20141003,4.32,4.34,4.16,4.18,1471270,0,0,0
20141004,4.17,4.28,3.89,3.94,6948810,0,0,0
20141005,3.94,4.04,3.48,3.70,8143680,0,0,0
20141006,3.70,3.91,3.57,3.82,9482680,0,0,0
20141007,3.81,3.95,3.69,3.86,7096400,0,0,0
20141008,3.86,3.93,3.75,3.91,5850860,0,0,0
20141009,3.91,4.03,3.87,3.90,8316140,0,0,0
20141010,3.90,3.92,3.77,3.81,6313690,0,0,0
20141011,3.80,3.84,3.68,3.77,3498570,0,0,0
20141012,3.78,3.85,3.70,3.85,2712090,0,0,0
20141013,3.85,3.90,3.79,3.86,4200710,0,0,0
20141014,3.86,4.23,3.86,4.08,8247860,0,0,0
20141015,4.08,4.08,3.99,4.06,4837180,0,0,0
20141016,4.06,4.10,3.96,3.99,4204880,0,0,0
20141017,3.99,4.02,3.95,3.99,3561280,0,0,0
20141018,3.99,4.09,3.95,4.06,2386140,0,0,0
20141019,4.06,4.06,3.97,3.99,1576340,0,0,0
20141020,3.98,3.98,3.88,3.91,2252890,0,0,0
20141021,3.91,3.97,3.90,3.94,1948840,0,0,0
20141022,3.94,3.96,3.84,3.84,2094200,0,0,0
20141023,3.85,3.87,3.73,3.74,3191780,0,0,0
20141024,3.74,3.78,3.72,3.75,3557710,0,0,0
20141025,3.75,3.76,3.63,3.67,2370430,0,0,0
20141026,3.67,3.77,3.66,3.73,1986590,0,0,0
20141027,3.72,3.89,3.71,3.81,2694530,0,0,0
20141028,3.81,3.90,3.79,3.85,2222000,0,0,0
20141029,3.85,3.85,3.72,3.73,2551500,0,0,0
20141030,3.73,3.82,3.72,3.79,2667440,0,0,0
20141031,3.78,3.80,3.75,3.75,2303900,0,0,0
20141101,3.76,3.76,3.56,3.57,2476220,0,0,0
20141102,3.58,3.62,3.55,3.59,2031400,0,0,0
20141103,3.59,3.66,3.56,3.58,2034500,0,0,0
20141104,3.58,3.62,3.55,3.59,2336120,0,0,0
20141105,3.59,3.67,3.59,3.64,2855540,0,0,0
20141106,3.64,3.67,3.62,3.65,2461750,0,0,0
20141107,3.65,3.66,3.55,3.56,2417010,0,0,0
20141108,3.56,3.58,3.53,3.56,1508220,0,0,0
20141109,3.55,3.64,3.55,3.63,1873830,0,0,0
20141110,3.63,3.73,3.59,3.70,3545550,0,0,0
20141111,3.70,3.74,3.67,3.68,2783960,0,0,0
20141112,3.68,4.14,3.68,4.07,8733140,0,0,0
20141113,4.13,4.35,4.02,4.10,13963000,0,0,0
20141114,4.09,4.09,3.86,3.99,7587850,0,0,0
20141115,3.99,4.04,3.81,3.85,3891770,0,0,0
20141116,3.84,3.90,3.83,3.88,2991050,0,0,0
20141117,3.88,4.00,3.83,3.88,3967100,0,0,0
20141118,3.88,3.91,3.75,3.77,4024840,0,0,0
20141119,3.78,3.84,3.77,3.81,2858300,0,0,0
20141120,3.81,3.82,3.59,3.61,3682840,0,0,0
20141121,3.61,3.61,3.48,3.50,3851320,0,0,0
20141122,3.50,3.62,3.49,3.52,2446510,0,0,0
20141123,3.52,3.61,3.52,3.59,1686970,0,0,0
20141124,3.59,3.69,3.57,3.63,3281530,0,0,0
20141125,3.62,3.70,3.55,3.57,3468870,0,0,0
20141126,3.57,3.59,3.54,3.56,2497390,0,0,0
20141127,3.57,3.58,3.55,3.56,1764690,0,0,0
20141128,3.56,3.64,3.50,3.60,2007140,0,0,0
20141129,3.60,3.64,3.57,3.59,2264640,0,0,0
20141130,3.59,3.61,3.56,3.58,1206290,0,0,0
20141201,3.58,3.61,3.57,3.58,1275120,0,0,0
20141202,3.58,3.66,3.58,3.63,2051950,0,0,0
20141203,3.63,3.65,3.58,3.61,1715450,0,0,0
20141204,3.61,3.64,3.59,3.59,2291670,0,0,0
20141205,3.59,3.62,3.58,3.62,2350920,0,0,0
20141206,3.62,3.63,3.60,3.61,1690520,0,0,0
20141207,3.62,3.75,3.61,3.71,1759240,0,0,0
20141208,3.71,3.77,3.65,3.65,2295450,0,0,0
20141209,3.66,3.67,3.48,3.52,3606940,0,0,0
20141210,3.52,3.54,3.48,3.50,1982380,0,0,0
20141211,3.49,3.56,3.44,3.48,2667680,0,0,0
20141212,3.48,3.49,3.48,3.49,2060970,0,0,0
20141213,3.49,3.49,3.46,3.48,2121910,0,0,0
20141214,3.48,3.50,3.47,3.48,1547550,0,0,0
20141215,3.48,3.48,3.45,3.45,2292030,0,0,0
20141216,3.45,3.46,2.99,3.02,5220210,0,0,0
20141217,3.01,3.07,2.90,2.94,3969240,0,0,0
20141218,2.94,3.00,2.70,2.81,4301260,0,0,0
20141219,2.81,2.87,2.73,2.87,2780240,0,0,0
20141220,2.87,2.94,2.87,2.92,2591650,0,0,0
20141221,2.91,2.92,2.84,2.85,2187630,0,0,0
20141222,2.86,2.91,2.84,2.89,2477440,0,0,0
20141223,2.89,2.91,2.86,2.88,1901360,0,0,0
20141224,2.88,2.88,2.73,2.74,2076240,0,0,0
20141225,2.74,2.75,2.67,2.70,1640910,0,0,0
20141226,2.70,2.81,2.68,2.78,2088360,0,0,0
20141227,2.78,2.80,2.70,2.72,2180800,0,0,0
20141228,2.72,2.76,2.67,2.73,1701950,0,0,0
20141229,2.73,2.75,2.69,2.69,1471530,0,0,0
20141230,2.70,2.72,2.67,2.70,1536350,0,0,0
20141231,2.70,2.73,2.69,2.72,1577550,0,0,0
20150101,2.72,2.72,2.69,2.70,770693,0,0,0
20150102,2.70,2.70,2.66,2.67,855392,0,0,0
20150103,2.67,2.67,2.13,2.13,5193080,0,0,0
20150104,2.11,2.15,1.91,1.96,3888140,0,0,0
20150105,1.96,2.16,1.96,2.08,10649500,0,0,0
20150106,2.08,2.12,2.04,2.11,3242950,0,0,0
20150107,2.12,2.15,2.08,2.12,3388950,0,0,0
20150108,2.12,2.12,2.00,2.01,2924520,0,0,0
20150109,2.01,2.01,1.96,1.98,1951160,0,0,0
20150110,1.97,1.98,1.62,1.65,2911190,0,0,0
20150111,1.65,1.88,1.64,1.72,2581500,0,0,0
20150112,1.72,1.79,1.70,1.71,1738370,0,0,0
20150113,1.71,1.72,1.53,1.54,4039950,0,0,0
20150114,1.55,1.58,1.11,1.16,4721280,0,0,0
20150115,1.15,1.38,1.15,1.28,3487080,0,0,0
20150116,1.28,1.47,1.27,1.40,2669280,0,0,0
20150117,1.40,1.40,1.25,1.29,1514960,0,0,0
20150118,1.30,1.37,1.23,1.33,1694820,0,0,0
20150119,1.33,1.36,1.31,1.34,728641,0,0,0
20150120,1.34,1.34,1.30,1.32,1069660,0,0,0
20150121,1.32,1.37,1.32,1.37,1191370,0,0,0
20150122,1.37,1.45,1.37,1.42,1660700,0,0,0
20150123,1.41,1.43,1.38,1.43,1267530,0,0,0
20150124,1.43,1.89,1.42,1.84,4858920,0,0,0
20150125,1.84,2.37,1.84,2.25,9178540,0,0,0
20150126,2.25,2.39,2.06,2.08,8803090,0,0,0
20150127,2.07,2.14,1.87,2.09,4502690,0,0,0
20150128,2.09,2.13,1.81,1.87,3295480,0,0,0
20150129,1.88,1.95,1.83,1.92,2191570,0,0,0
20150130,1.91,1.98,1.89,1.90,1805110,0,0,0
20150131,1.90,1.94,1.87,1.87,1205140,0,0,0
20150201,1.88,1.88,1.68,1.80,2661610,0,0,0
20150202,1.81,1.88,1.75,1.88,1955370,0,0,0
20150203,1.87,1.94,1.81,1.82,2425490,0,0,0
20150204,1.82,1.84,1.76,1.79,3683490,0,0,0
20150205,1.79,1.81,1.73,1.74,4490700,0,0,0
20150206,1.74,1.83,1.74,1.76,2332680,0,0,0
20150207,1.76,1.79,1.74,1.78,1272440,0,0,0
20150208,1.79,1.81,1.76,1.78,793432,0,0,0
20150209,1.79,1.79,1.72,1.73,1412300,0,0,0
20150210,1.73,1.79,1.69,1.76,1943220,0,0,0
20150211,1.76,1.79,1.72,1.73,1202390,0,0,0
20150212,1.73,1.77,1.72,1.76,1073660,0,0,0
20150213,1.76,1.85,1.75,1.82,2417560,0,0,0
20150214,1.82,1.96,1.82,1.94,2967890,0,0,0
20150215,1.94,2.03,1.79,1.84,3678900,0,0,0
20150216,1.84,1.85,1.80,1.80,1766700,0,0,0
20150217,1.79,1.88,1.79,1.85,1824820,0,0,0
20150218,1.86,1.86,1.80,1.83,1504230,0,0,0
20150219,1.83,1.85,1.82,1.85,1117190,0,0,0
20150220,1.84,1.86,1.83,1.85,1430460,0,0,0
20150221,1.85,1.87,1.84,1.85,934224,0,0,0
20150222,1.85,1.87,1.79,1.80,1413400,0,0,0
20150223,1.80,1.82,1.78,1.82,1207240,0,0,0
20150224,1.81,1.84,1.80,1.83,941910,0,0,0
20150225,1.83,1.83,1.79,1.80,768342,0,0,0
20150226,1.81,1.81,1.79,1.81,917184,0,0,0
20150227,1.80,1.88,1.80,1.85,2360850,0,0,0
20150228,1.85,1.85,1.82,1.84,1026120,0,0,0
20150301,1.85,1.91,1.81,1.89,1697220,0,0,0
20150302,1.89,1.95,1.86,1.94,2442300,0,0,0
20150303,1.94,1.97,1.91,1.96,2818220,0,0,0
20150304,1.96,1.97,1.92,1.93,2444050,0,0,0
20150305,1.92,1.94,1.86,1.92,2042170,0,0,0
20150306,1.92,1.93,1.88,1.90,1718100,0,0,0
20150307,1.89,1.92,1.88,1.91,1176540,0,0,0
20150308,1.91,1.92,1.88,1.89,1281400,0,0,0
20150309,1.89,1.95,1.89,1.94,2713960,0,0,0
20150310,1.94,2.08,1.94,2.01,4023500,0,0,0
20150311,2.01,2.04,1.99,2.03,1945020,0,0,0
20150312,2.02,2.07,2.00,2.04,2153170,0,0,0
20150313,2.04,2.05,2.01,2.01,1702690,0,0,0
20150314,2.00,2.01,1.99,2.00,1524990,0,0,0
20150315,1.99,2.03,1.99,2.02,1035700,0,0,0
20150316,2.02,2.06,2.02,2.03,1307010,0,0,0
20150317,2.03,2.05,1.98,1.98,1493110,0,0,0
20150318,1.98,1.99,1.73,1.74,2976040,0,0,0
20150319,1.74,1.79,1.65,1.76,2925790,0,0,0
20150320,1.76,1.79,1.75,1.77,1015870,0,0,0
20150321,1.77,1.77,1.73,1.75,1025410,0,0,0
20150322,1.75,1.80,1.74,1.80,1072060,0,0,0
20150323,1.80,1.80,1.75,1.78,1257730,0,0,0
20150324,1.78,1.78,1.65,1.65,2014330,0,0,0
20150325,1.65,1.79,1.61,1.67,2189060,0,0,0
20150326,1.67,1.73,1.65,1.70,1655180,0,0,0
20150327,1.69,1.70,1.67,1.69,1109440,0,0,0
20150328,1.68,1.72,1.68,1.70,843595,0,0,0
20150329,1.70,1.71,1.64,1.66,1242080,0,0,0
20150330,1.66,1.68,1.64,1.67,1297260,0,0,0
20150331,1.67,1.68,1.64,1.65,1124990,0,0,0
20150401,1.65,1.68,1.63,1.66,1245880,0,0,0
20150402,1.67,1.69,1.66,1.68,1254970,0,0,0
20150403,1.68,1.70,1.68,1.70,1053650,0,0,0
20150404,1.70,1.70,1.67,1.69,794158,0,0,0
20150405,1.68,1.71,1.68,1.70,1012920,0,0,0
20150406,1.70,1.72,1.67,1.69,1077700,0,0,0
20150407,1.69,1.69,1.67,1.67,898271,0,0,0
20150408,1.67,1.68,1.62,1.63,1479550,0,0,0
20150409,1.62,1.63,1.55,1.59,1354130,0,0,0
20150410,1.59,1.59,1.52,1.53,1448110,0,0,0
20150411,1.52,1.54,1.44,1.46,1329260,0,0,0
20150412,1.46,1.49,1.45,1.46,724290,0,0,0
20150413,1.47,1.48,1.37,1.38,1316410,0,0,0
20150414,1.38,1.39,1.34,1.38,1669170,0,0,0
20150415,1.38,1.42,1.35,1.38,1230190,0,0,0
20150416,1.38,1.43,1.37,1.42,1098160,0,0,0
20150417,1.42,1.44,1.40,1.41,1127080,0,0,0
20150418,1.41,1.42,1.39,1.41,733823,0,0,0
20150419,1.41,1.43,1.38,1.39,984396,0,0,0
20150420,1.38,1.42,1.38,1.41,959972,0,0,0
20150421,1.41,1.43,1.40,1.42,1055230,0,0,0
20150422,1.43,1.47,1.42,1.45,1130670,0,0,0
20150423,1.46,1.46,1.44,1.46,727959,0,0,0
20150424,1.46,1.46,1.42,1.42,1008680,0,0,0
20150425,1.42,1.43,1.40,1.40,868387,0,0,0
20150426,1.40,1.40,1.30,1.32,1292150,0,0,0
20150427,1.32,1.40,1.32,1.38,1465060,0,0,0
20150428,1.38,1.39,1.35,1.36,1014190,0,0,0
20150429,1.36,1.37,1.35,1.36,1372440,0,0,0
20150430,1.36,1.45,1.36,1.44,2039930,0,0,0
20150501,1.44,1.45,1.41,1.41,1169670,0,0,0
20150502,1.41,1.43,1.40,1.42,807758,0,0,0
20150503,1.42,1.45,1.41,1.43,1673860,0,0,0
20150504,1.43,1.45,1.41,1.41,1462600,0,0,0
20150505,1.41,1.42,1.39,1.41,1229630,0,0,0
20150506,1.41,1.41,1.39,1.39,1100820,0,0,0
20150507,1.39,1.49,1.38,1.46,1742090,0,0,0
20150508,1.45,1.49,1.44,1.48,1444320,0,0,0
20150509,1.48,1.49,1.44,1.45,1323730,0,0,0
20150510,1.45,1.45,1.42,1.44,993855,0,0,0
20150511,1.44,1.45,1.43,1.44,826032,0,0,0
20150512,1.44,1.45,1.43,1.45,723296,0,0,0
20150513,1.44,1.48,1.44,1.45,1913000,0,0,0
20150514,1.45,1.46,1.44,1.45,1078360,0,0,0
20150515,1.45,1.46,1.45,1.45,691297,0,0,0
20150516,1.45,1.45,1.40,1.45,757344,0,0,0
20150517,1.45,1.46,1.45,1.45,481714,0,0,0
20150518,1.45,1.46,1.44,1.45,630744,0,0,0
20150519,1.45,1.46,1.44,1.45,516737,0,0,0
20150520,1.45,1.46,1.45,1.46,892369,0,0,0
20150521,1.46,1.48,1.46,1.48,1109240,0,0,0
20150522,1.48,1.88,1.48,1.83,5017600,0,0,0
20150523,1.83,1.90,1.77,1.79,2701800,0,0,0
20150524,1.79,1.84,1.79,1.83,1725070,0,0,0
20150525,1.83,1.84,1.79,1.80,1457180,0,0,0
20150526,1.80,1.82,1.79,1.82,1381530,0,0,0
20150527,1.82,1.87,1.81,1.85,1675280,0,0,0
20150528,1.85,1.86,1.83,1.84,1301610,0,0,0
20150529,1.84,1.84,1.81,1.83,1762870,0,0,0
20150530,1.83,1.84,1.81,1.81,1327450,0,0,0
20150531,1.81,1.81,1.63,1.64,2071950,0,0,0
20150601,1.64,1.68,1.59,1.62,1998470,0,0,0
20150602,1.62,1.68,1.61,1.67,1370450,0,0,0
20150603,1.67,1.70,1.66,1.69,1162310,0,0,0
20150604,1.69,1.69,1.66,1.67,1065250,0,0,0
20150605,1.67,1.77,1.67,1.76,1474750,0,0,0
20150606,1.76,1.78,1.75,1.76,1184500,0,0,0
20150607,1.76,1.77,1.72,1.73,1160830,0,0,0
20150608,1.73,1.80,1.73,1.79,1710280,0,0,0
20150609,1.78,1.80,1.78,1.80,1480430,0,0,0
20150610,1.80,1.80,1.75,1.76,1212820,0,0,0
20150611,1.76,1.80,1.76,1.79,1048480,0,0,0
20150612,1.79,1.81,1.79,1.80,963104,0,0,0
20150613,1.80,1.86,1.80,1.86,1470540,0,0,0
20150614,1.86,2.07,1.85,2.00,3128440,0,0,0
20150615,2.00,2.03,1.99,2.02,1895750,0,0,0
20150616,2.02,2.88,2.01,2.88,10053700,0,0,0
20150617,2.90,3.20,2.72,2.89,13038800,0,0,0
20150618,2.89,3.13,2.88,3.10,7435550,0,0,0
20150619,3.10,3.12,2.69,2.81,7275770,0,0,0
20150620,2.81,3.09,2.75,3.04,5729100,0,0,0
20150621,3.04,3.05,2.90,3.02,3196090,0,0,0
20150622,3.02,3.05,2.96,3.03,3039690,0,0,0
20150623,3.03,3.03,2.97,2.97,2332310,0,0,0
20150624,2.97,2.97,2.78,2.78,3317430,0,0,0
20150625,2.77,2.89,2.69,2.85,4221940,0,0,0
20150626,2.85,2.91,2.82,2.86,2100370,0,0,0
20150627,2.86,3.12,2.86,3.10,4570240,0,0,0
20150628,3.09,3.31,3.02,3.31,2837150,0,0,0
20150629,3.19,3.82,3.03,3.74,12726600,0,0,0
20150630,3.74,4.34,3.73,4.09,15390500,0,0,0
20150701,4.09,4.11,3.84,3.92,7113180,0,0,0
20150702,3.93,4.16,3.92,4.07,6288460,0,0,0
20150703,4.06,4.13,4.06,4.12,4281280,0,0,0
20150704,4.12,4.14,4.06,4.11,3939060,0,0,0
20150705,4.13,4.95,4.04,4.95,14069300,0,0,0
20150706,4.95,5.69,4.67,5.42,22969200,0,0,0
20150707,5.44,5.48,4.90,5.23,13570800,0,0,0
20150708,5.25,6.39,5.14,6.36,23234900,0,0,0
20150709,6.36,7.83,6.00,7.54,42419800,0,0,0
20150710,7.53,8.73,4.07,4.51,62612600,0,0,0
20150711,4.48,4.79,3.71,4.37,19647300,0,0,0
20150712,4.39,5.38,4.35,5.29,19203600,0,0,0
20150713,5.30,5.30,4.32,4.68,14296100,0,0,0
20150714,4.68,4.89,4.48,4.65,5418730,0,0,0
20150715,4.65,4.72,4.14,4.21,7539760,0,0,0
20150716,4.20,4.27,3.30,3.69,17295300,0,0,0
20150717,3.72,3.93,3.55,3.79,9454510,0,0,0
20150718,3.78,4.23,3.78,4.00,8471440,0,0,0
20150719,4.00,4.07,3.66,3.77,4693260,0,0,0
20150720,3.77,3.94,3.73,3.94,4242190,0,0,0
20150721,3.93,4.01,3.77,3.77,4431730,0,0,0
20150722,3.78,3.84,3.68,3.82,2892200,0,0,0
20150723,3.83,3.85,3.76,3.78,2177740,0,0,0
20150724,3.79,4.73,3.76,4.60,14874300,0,0,0
20150725,4.60,4.88,4.47,4.63,10288900,0,0,0
20150726,4.63,4.75,4.44,4.66,7946990,0,0,0
20150727,4.68,4.74,4.59,4.67,5164400,0,0,0
20150728,4.67,5.14,4.65,5.06,10629300,0,0,0
20150729,5.05,5.10,4.72,4.80,6609040,0,0,0
20150730,4.79,4.79,4.51,4.58,5420630,0,0,0
20150731,4.58,4.77,4.51,4.64,4640650,0,0,0
20150801,4.64,4.64,4.07,4.15,6284530,0,0,0
20150802,4.09,4.20,3.86,4.17,6950580,0,0,0
20150803,4.17,4.37,4.04,4.16,5494590,0,0,0
20150804,4.18,4.47,4.18,4.38,4323960,0,0,0
20150805,4.37,4.43,4.30,4.35,2565020,0,0,0
20150806,4.35,4.36,4.02,4.06,3879570,0,0,0
20150807,4.06,4.22,3.97,4.21,4192810,0,0,0
20150808,4.22,4.22,3.84,3.85,4917730,0,0,0
20150809,3.84,3.98,3.81,3.90,3064680,0,0,0
20150810,3.90,3.98,3.90,3.95,2239890,0,0,0
20150811,3.95,4.16,3.94,4.16,3426300,0,0,0
20150812,4.14,4.16,3.97,3.99,3519900,0,0,0
20150813,3.97,3.97,3.84,3.88,2409030,0,0,0
20150814,3.88,4.07,3.86,4.03,3157170,0,0,0
20150815,4.02,4.04,3.92,3.93,2016290,0,0,0
20150816,3.93,3.99,3.89,3.95,3197720,0,0,0
20150817,3.96,4.03,3.94,3.98,2289060,0,0,0
20150818,3.98,4.00,3.44,3.47,3464380,0,0,0
20150819,3.48,3.62,3.36,3.48,5742670,0,0,0
20150820,3.47,3.62,3.47,3.61,2882900,0,0,0
20150821,3.60,3.64,3.55,3.57,1720630,0,0,0
20150822,3.56,3.59,3.46,3.51,1913720,0,0,0
20150823,3.51,3.54,3.35,3.39,2066020,0,0,0
20150824,3.39,3.39,2.97,2.99,7278630,0,0,0
20150825,2.98,3.05,2.54,2.94,11404300,0,0,0
20150826,2.95,3.04,2.84,2.95,4551630,0,0,0
20150827,2.95,2.99,2.84,2.87,1936130,0,0,0
20150828,2.84,2.96,2.71,2.91,4186540,0,0,0
20150829,2.92,2.95,2.82,2.88,1706060,0,0,0
20150830,2.87,2.91,2.76,2.85,1497480,0,0,0
20150831,2.85,2.86,2.79,2.84,1752920,0,0,0
20150901,2.85,2.88,2.81,2.82,1376040,0,0,0
20150902,2.82,2.83,2.76,2.80,2423010,0,0,0
20150903,2.80,2.80,2.58,2.63,2210590,0,0,0
20150904,2.64,2.72,2.63,2.70,1441530,0,0,0
20150905,2.70,2.94,2.66,2.92,2666820,0,0,0
20150906,2.92,3.12,2.90,3.05,4281360,0,0,0
20150907,3.04,3.10,2.99,3.05,2254530,0,0,0
20150908,3.05,3.13,3.01,3.05,2566300,0,0,0
20150909,3.05,3.05,2.91,2.92,2298470,0,0,0
20150910,2.92,2.97,2.89,2.95,1420320,0,0,0
20150911,2.95,2.98,2.94,2.96,1251460,0,0,0
20150912,2.96,2.97,2.82,2.83,1517440,0,0,0
20150913,2.82,2.85,2.77,2.82,1328080,0,0,0
20150914,2.81,2.86,2.78,2.84,1135730,0,0,0
20150915,2.84,2.93,2.82,2.82,918109,0,0,0
20150916,2.83,2.85,2.77,2.80,1192860,0,0,0
20150917,2.81,2.93,2.80,2.91,1626720,0,0,0
20150918,2.91,3.01,2.90,2.96,1572740,0,0,0
20150919,2.95,2.96,2.86,2.87,897801,0,0,0
20150920,2.88,2.88,2.83,2.85,989389,0,0,0
20150921,2.85,2.85,2.80,2.80,1027230,0,0,0
20150922,2.80,2.88,2.80,2.84,1442340,0,0,0
20150923,2.86,2.90,2.85,2.87,901921,0,0,0
20150924,2.87,2.95,2.87,2.93,1328450,0,0,0
20150925,2.93,2.95,2.89,2.89,959962,0,0,0
20150926,2.89,2.90,2.87,2.89,531617,0,0,0
20150927,2.89,2.90,2.87,2.87,748001,0,0,0
20150928,2.88,3.08,2.88,3.07,2604270,0,0,0
20150929,3.10,3.17,2.97,2.97,2896120,0,0,0
20150930,2.97,3.05,2.97,3.01,1371090,0,0,0
20151001,3.01,3.05,2.96,3.00,1644010,0,0,0
20151002,3.00,3.02,2.98,2.99,1132180,0,0,0
20151003,3.00,3.04,2.99,3.03,1051760,0,0,0
20151004,3.03,3.06,3.00,3.01,982441,0,0,0
20151005,3.02,3.03,2.99,3.02,1277060,0,0,0
20151006,3.02,3.16,3.01,3.15,1972700,0,0,0
20151007,3.15,3.16,3.06,3.06,1695270,0,0,0
20151008,3.06,3.08,3.05,3.06,1137940,0,0,0
20151009,3.07,3.11,3.06,3.11,978079,0,0,0
20151010,3.11,3.14,3.09,3.11,1000850,0,0,0
20151011,3.11,3.15,3.08,3.15,1222700,0,0,0
20151012,3.15,3.17,3.13,3.14,1252010,0,0,0
20151013,3.14,3.19,3.11,3.18,1605970,0,0,0
20151014,3.18,3.20,3.10,3.14,1781770,0,0,0
20151015,3.15,3.16,3.10,3.10,1428290,0,0,0
20151016,3.11,3.14,3.09,3.11,1472800,0,0,0
20151017,3.11,3.16,3.04,3.07,2454780,0,0,0
20151018,3.07,3.08,3.00,3.02,1217780,0,0,0
20151019,3.03,3.05,3.01,3.05,1239570,0,0,0
20151020,3.05,3.09,3.05,3.09,1163340,0,0,0
20151021,3.09,3.12,3.06,3.08,988482,0,0,0
20151022,3.08,3.14,3.07,3.11,1215290,0,0,0
20151023,3.12,3.13,3.09,3.11,1196600,0,0,0
20151024,3.11,3.12,3.08,3.10,955111,0,0,0
20151025,3.11,3.14,3.07,3.07,1656730,0,0,0
20151026,3.07,3.11,3.07,3.10,1119820,0,0,0
20151027,3.11,3.11,3.08,3.09,1102490,0,0,0
20151028,3.10,3.11,3.09,3.10,1433200,0,0,0
20151029,3.10,3.93,3.06,3.78,11455900,0,0,0
20151030,3.77,4.20,3.74,4.06,12206200,0,0,0
20151031,4.08,4.12,3.77,3.80,5425140,0,0,0
20151101,3.82,3.99,3.77,3.96,3801480,0,0,0
20151102,3.98,4.20,3.94,4.16,6302390,0,0,0
20151103,4.17,4.80,4.10,4.59,18600100,0,0,0
20151104,4.58,5.32,4.05,4.23,22553800,0,0,0
20151105,4.20,4.41,3.77,3.96,13017300,0,0,0
20151106,3.95,3.97,3.45,3.55,8761900,0,0,0
20151107,3.55,3.68,3.55,3.60,2638500,0,0,0
20151108,3.62,3.66,3.41,3.42,2399540,0,0,0
20151109,3.43,3.45,3.26,3.40,4195940,0,0,0
20151110,3.40,3.46,3.04,3.12,5565520,0,0,0
20151111,3.12,3.12,2.94,2.97,3648510,0,0,0
20151112,2.97,3.29,2.97,3.28,4133180,0,0,0
20151113,3.27,3.29,3.15,3.23,2247490,0,0,0
20151114,3.22,3.25,3.18,3.19,1293740,0,0,0
20151115,3.20,3.22,3.06,3.07,1750230,0,0,0
20151116,3.07,3.19,3.05,3.19,1578010,0,0,0
20151117,3.19,3.23,3.16,3.20,1607020,0,0,0
20151118,3.20,3.21,3.17,3.19,1425920,0,0,0
20151119,3.19,3.21,3.13,3.13,1448970,0,0,0
20151120,3.14,3.14,3.07,3.12,1698240,0,0,0
20151121,3.12,3.16,3.11,3.15,1057060,0,0,0
20151122,3.16,3.16,3.11,3.14,1070770,0,0,0
20151123,3.14,3.15,3.11,3.12,1389260,0,0,0
20151124,3.13,3.13,3.09,3.11,1510060,0,0,0
20151125,3.11,3.34,3.09,3.34,2877300,0,0,0
20151126,3.35,3.72,3.35,3.61,8700000,0,0,0
20151127,3.60,3.63,3.52,3.58,2780650,0,0,0
20151128,3.58,3.58,3.46,3.52,1691790,0,0,0
20151129,3.53,3.68,3.50,3.67,2720390,0,0,0
20151130,3.66,3.74,3.58,3.62,3339320,0,0,0
20151201,3.63,3.64,3.40,3.43,2841630,0,0,0
20151202,3.43,3.44,3.30,3.34,2452500,0,0,0
20151203,3.35,3.44,3.34,3.38,1943430,0,0,0
20151204,3.38,3.39,3.34,3.36,1333170,0,0,0
20151205,3.37,3.54,3.37,3.52,2664550,0,0,0
20151206,3.53,3.58,3.45,3.47,4063170,0,0,0
20151207,3.45,3.69,3.45,3.65,4210900,0,0,0
20151208,3.65,3.69,3.55,3.69,2744880,0,0,0
20151209,3.68,3.74,3.61,3.67,4506800,0,0,0
20151210,3.67,3.68,3.59,3.66,2538190,0,0,0
20151211,3.67,3.85,3.67,3.84,5086460,0,0,0
20151212,3.84,3.97,3.50,3.61,6201500,0,0,0
20151213,3.60,3.66,3.57,3.63,3218570,0,0,0
20151214,3.64,3.67,3.60,3.61,3011480,0,0,0
20151215,3.62,3.84,3.61,3.83,5124770,0,0,0
20151216,3.84,3.84,3.68,3.70,3628690,0,0,0
20151217,3.70,3.79,3.68,3.74,2244680,0,0,0
20151218,3.75,3.81,3.73,3.76,2642590,0,0,0
20151219,3.77,3.78,3.71,3.72,1480630,0,0,0
20151220,3.74,3.75,3.48,3.54,2853130,0,0,0
20151221,3.55,3.55,3.43,3.46,2244460,0,0,0
20151222,3.46,3.48,3.40,3.42,1366080,0,0,0
20151223,3.43,3.59,3.43,3.58,2274490,0,0,0
20151224,3.59,3.68,3.59,3.64,2530790,0,0,0
20151225,3.65,3.68,3.60,3.62,1628860,0,0,0
20151226,3.64,3.64,3.38,3.42,3880050,0,0,0
20151227,3.42,3.49,3.39,3.48,2048800,0,0,0
20151228,3.48,3.53,3.46,3.47,1647170,0,0,0
20151229,3.47,3.52,3.44,3.50,2161460,0,0,0
20151230,3.51,3.51,3.45,3.46,2202460,0,0,0
20151231,3.46,3.50,3.41,3.48,2667620,0,0,0
20160101,3.48,3.53,3.47,3.51,2791170,0,0,0
20160102,3.52,3.53,3.49,3.50,3020260,0,0,0
20160103,3.50,3.51,3.45,3.48,2406150,0,0,0
20160104,3.48,3.51,3.48,3.50,3309740,0,0,0
20160105,3.49,3.51,3.45,3.47,2104650,0,0,0
20160106,3.47,3.47,3.44,3.45,2208860,0,0,0
20160107,3.45,3.61,3.44,3.60,4560680,0,0,0
20160108,3.60,3.64,3.53,3.57,3277990,0,0,0
20160109,3.57,3.59,3.54,3.56,2934720,0,0,0
20160110,3.56,3.56,3.50,3.54,2462000,0,0,0
20160111,3.53,3.57,3.53,3.56,2931030,0,0,0
20160112,3.55,3.56,3.49,3.49,4566050,0,0,0
20160113,3.49,3.49,3.43,3.48,6745630,0,0,0
20160114,3.47,3.48,3.45,3.47,2044890,0,0,0
20160115,3.46,3.46,3.00,3.00,5117640,0,0,0
20160116,2.97,3.11,2.92,3.09,4170270,0,0,0
20160117,3.09,3.10,3.02,3.03,1905660,0,0,0
20160118,3.02,3.06,2.98,3.05,2304070,0,0,0
20160119,3.05,3.06,2.99,3.02,1626900,0,0,0
20160120,3.01,3.43,2.99,3.39,4438610,0,0,0
20160121,3.38,3.40,3.21,3.22,3665110,0,0,0
20160122,3.23,3.24,3.05,3.08,3589150,0,0,0
20160123,3.08,3.15,3.08,3.10,2384900,0,0,0
20160124,3.11,3.21,3.10,3.18,1806510,0,0,0
20160125,3.19,3.19,3.11,3.13,1940070,0,0,0
20160126,3.13,3.17,3.12,3.15,2926650,0,0,0
20160127,3.16,3.32,3.16,3.29,5341690,0,0,0
20160128,3.29,3.30,3.11,3.12,3075380,0,0,0
20160129,3.14,3.14,3.06,3.11,2555880,0,0,0
20160130,3.12,3.12,3.08,3.08,1298980,0,0,0
20160131,3.10,3.11,3.04,3.05,1450600,0,0,0
20160201,3.07,3.10,3.06,3.08,1502430,0,0,0
20160202,3.09,3.10,3.07,3.08,1279650,0,0,0
20160203,3.09,3.09,3.04,3.05,1406560,0,0,0
20160204,3.06,3.18,3.06,3.16,2059350,0,0,0
20160205,3.17,3.17,3.14,3.14,1211900,0,0,0
20160206,3.15,3.15,3.08,3.10,1394670,0,0,0
20160207,3.11,3.13,3.08,3.09,1168970,0,0,0
20160208,3.09,3.11,3.06,3.06,964279,0,0,0
20160209,3.08,3.08,3.05,3.08,1197280,0,0,0
20160210,3.09,3.13,3.08,3.10,1358800,0,0,0
20160211,3.11,3.13,3.07,3.08,1263660,0,0,0
20160212,3.09,3.12,3.08,3.11,1041630,0,0,0
20160213,3.12,3.14,3.11,3.13,1313500,0,0,0
20160214,3.15,3.21,3.15,3.21,1924190,0,0,0
20160215,3.23,3.25,3.17,3.18,1521240,0,0,0
20160216,3.20,3.22,3.18,3.21,1479430,0,0,0
20160217,3.23,3.26,3.20,3.24,1857460,0,0,0
20160218,3.25,3.27,3.23,3.25,1422270,0,0,0
20160219,3.26,3.27,3.23,3.25,1780240,0,0,0
20160220,3.27,3.50,3.26,3.46,3677250,0,0,0
20160221,3.46,3.58,3.40,3.46,3518950,0,0,0
20160222,3.47,3.51,3.43,3.48,2066780,0,0,0
20160223,3.49,3.52,3.38,3.40,2416790,0,0,0
20160224,3.40,3.42,3.32,3.37,1909510,0,0,0
20160225,3.39,3.40,3.33,3.37,1556360,0,0,0
20160226,3.37,3.42,3.32,3.42,1849390,0,0,0
20160227,3.43,3.45,3.39,3.41,731107,0,0,0
20160228,3.41,3.47,3.36,3.44,986849,0,0,0
20160229,3.44,3.49,3.42,3.45,1431670,0,0,0
20160301,3.45,3.45,3.41,3.43,1133580,0,0,0
20160302,3.43,3.44,3.37,3.37,1469810,0,0,0
20160303,3.36,3.36,3.31,3.32,1812040,0,0,0
20160304,3.32,3.35,3.25,3.25,1459960,0,0,0
20160305,3.25,3.25,3.13,3.19,1689010,0,0,0
20160306,3.19,3.25,3.17,3.22,1010650,0,0,0
20160307,3.22,3.27,3.20,3.27,1057270,0,0,0
20160308,3.27,3.28,3.23,3.25,918434,0,0,0
20160309,3.25,3.30,3.24,3.28,1247320,0,0,0
20160310,3.28,3.29,3.25,3.29,898376,0,0,0
20160311,3.29,3.40,3.29,3.38,1804450,0,0,0
20160312,3.39,3.39,3.27,3.29,1076560,0,0,0
20160313,3.29,3.32,3.28,3.31,1140930,0,0,0
20160314,3.31,3.33,3.29,3.30,670283,0,0,0
20160315,3.30,3.33,3.29,3.31,747107,0,0,0
20160316,3.31,3.32,3.30,3.31,692940,0,0,0
20160317,3.31,3.32,3.30,3.31,1038460,0,0,0
20160318,3.31,3.31,3.15,3.17,1502010,0,0,0
20160319,3.17,3.19,3.16,3.18,617579,0,0,0
20160320,3.18,3.21,3.18,3.21,926158,0,0,0
20160321,3.21,3.21,3.19,3.20,507480,0,0,0
20160322,3.20,3.24,3.20,3.23,1265140,0,0,0
20160323,3.23,3.25,3.22,3.24,1703040,0,0,0
20160324,3.25,3.25,3.22,3.22,1394180,0,0,0
20160325,3.23,3.24,3.21,3.23,1200290,0,0,0
20160326,3.23,3.24,3.21,3.23,1117430,0,0,0
20160327,3.23,3.32,3.23,3.30,2089890,0,0,0
20160328,3.30,3.30,3.26,3.26,1427140,0,0,0
20160329,3.26,3.28,3.20,3.23,1764730,0,0,0
20160330,3.23,3.28,3.20,3.22,1450290,0,0,0
20160331,3.23,3.27,3.22,3.26,1704440,0,0,0
20160401,3.25,3.26,3.23,3.24,1316230,0,0,0
20160402,3.25,3.28,3.24,3.26,1174830,0,0,0
20160403,3.26,3.27,3.25,3.26,1281200,0,0,0
20160404,3.26,3.27,3.22,3.25,1188610,0,0,0
20160405,3.25,3.27,3.24,3.25,863788,0,0,0
20160406,3.26,3.26,3.24,3.26,1088910,0,0,0
20160407,3.26,3.26,3.23,3.25,1150280,0,0,0
20160408,3.24,3.25,3.21,3.22,1352320,0,0,0
20160409,3.22,3.23,3.20,3.22,1224580,0,0,0
20160410,3.22,3.25,3.21,3.23,1417490,0,0,0
20160411,3.23,3.24,3.21,3.24,1061060,0,0,0
20160412,3.24,3.28,3.23,3.26,1305310,0,0,0
20160413,3.26,3.27,3.24,3.24,1295720,0,0,0
20160414,3.25,3.26,3.23,3.24,1190770,0,0,0
20160415,3.24,3.28,3.24,3.28,1404400,0,0,0
20160416,3.28,3.29,3.27,3.27,1155850,0,0,0
20160417,3.28,3.28,3.25,3.26,1211900,0,0,0
20160418,3.26,3.27,3.24,3.24,1317730,0,0,0
20160419,3.25,3.29,3.24,3.29,1333410,0,0,0
20160420,3.29,3.29,3.27,3.28,1638920,0,0,0
20160421,3.28,3.35,3.27,3.35,1688230,0,0,0
20160422,3.35,3.35,3.31,3.32,1569850,0,0,0
20160423,3.32,3.34,3.31,3.33,1383790,0,0,0
20160424,3.35,3.65,3.35,3.63,4502460,0,0,0
20160425,3.62,3.87,3.55,3.81,6605750,0,0,0
20160426,3.80,4.11,3.79,4.05,6717450,0,0,0
20160427,4.05,4.23,3.87,3.89,9435190,0,0,0
20160428,3.88,3.88,3.69,3.79,3952590,0,0,0
20160429,3.79,3.85,3.72,3.81,2467080,0,0,0
20160430,3.81,3.82,3.64,3.66,2502180,0,0,0
20160501,3.66,3.72,3.64,3.71,1911590,0,0,0
20160502,3.71,3.78,3.64,3.68,2667410,0,0,0
20160503,3.68,3.76,3.66,3.74,2363200,0,0,0
20160504,3.74,3.78,3.73,3.75,1716110,0,0,0
20160505,3.74,3.76,3.71,3.71,1702120,0,0,0
20160506,3.72,3.82,3.71,3.82,1899060,0,0,0
20160507,3.82,4.00,3.82,3.95,3278610,0,0,0
20160508,3.94,3.94,3.89,3.94,1783970,0,0,0
20160509,3.94,4.08,3.90,4.06,3120940,0,0,0
20160510,4.06,4.12,3.80,3.82,3688200,0,0,0
20160511,3.82,3.91,3.81,3.88,2458140,0,0,0
20160512,3.88,3.90,3.80,3.86,1798920,0,0,0
20160513,3.86,3.96,3.83,3.93,2624100,0,0,0
20160514,3.93,4.05,3.92,4.01,2444920,0,0,0
20160515,4.01,4.10,3.97,4.06,2096570,0,0,0
20160516,4.06,4.16,3.98,4.01,3632510,0,0,0
20160517,4.00,4.03,3.97,3.98,2663640,0,0,0
20160518,3.98,4.04,3.98,4.00,2377740,0,0,0
20160519,4.00,4.03,3.83,3.83,3380010,0,0,0
20160520,3.82,3.92,3.82,3.88,3638250,0,0,0
20160521,3.88,3.97,3.88,3.95,1938010,0,0,0
20160522,3.96,3.99,3.90,3.93,1849720,0,0,0
20160523,3.92,3.97,3.90,3.97,1868020,0,0,0
20160524,3.96,3.98,3.94,3.95,1742000,0,0,0
20160525,3.95,4.05,3.95,4.05,2765530,0,0,0
20160526,4.05,4.10,4.03,4.08,2530850,0,0,0
20160527,4.09,4.68,4.09,4.50,10821100,0,0,0
20160528,4.51,4.83,4.51,4.70,11564700,0,0,0
20160529,4.69,4.86,4.58,4.61,7351420,0,0,0
20160530,4.63,4.70,4.59,4.67,3805050,0,0,0
20160531,4.69,4.75,4.60,4.65,5187600,0,0,0
20160601,4.65,4.77,4.62,4.74,4577160,0,0,0
20160602,4.74,4.76,4.68,4.72,2121360,0,0,0
20160603,4.72,4.87,4.71,4.86,4061990,0,0,0
20160604,4.86,4.90,4.77,4.81,3214800,0,0,0
20160605,4.80,4.84,4.79,4.81,2257820,0,0,0
20160606,4.81,4.97,4.81,4.96,2993510,0,0,0
20160607,4.95,4.98,4.72,4.77,3881380,0,0,0
20160608,4.77,4.79,4.69,4.75,3507640,0,0,0
20160609,4.78,4.78,4.67,4.69,6438540,0,0,0
20160610,4.75,4.85,4.71,4.84,6975970,0,0,0
20160611,4.88,5.01,4.84,5.01,10294700,0,0,0
20160612,5.07,5.46,5.05,5.33,13753200,0,0,0
20160613,5.41,5.54,5.16,5.29,8668280,0,0,0
20160614,5.31,5.31,5.10,5.20,8488220,0,0,0
20160615,5.22,5.24,5.11,5.24,3917000,0,0,0
20160616,5.25,5.66,5.25,5.66,9930590,0,0,0
20160617,5.67,5.95,5.28,5.59,12383200,0,0,0
20160618,5.60,5.69,5.49,5.56,7878070,0,0,0
20160619,5.56,5.63,5.51,5.59,3760240,0,0,0
20160620,5.63,5.63,5.27,5.29,4154880,0,0,0
20160621,5.27,5.29,4.70,4.82,11984800,0,0,0
20160622,4.83,4.92,3.88,3.91,11522400,0,0,0
20160623,3.92,3.95,3.47,3.85,11138900,0,0,0
20160624,3.85,4.33,3.85,4.28,9364750,0,0,0
20160625,4.27,4.44,3.92,4.23,6057000,0,0,0
20160626,4.24,4.24,3.97,4.07,4480920,0,0,0
20160627,4.05,4.16,4.03,4.12,2749620,0,0,0
20160628,4.14,4.18,4.07,4.10,2867420,0,0,0
20160629,4.10,4.10,4.03,4.06,2211450,0,0,0
20160630,4.08,4.21,4.04,4.19,2864910,0,0,0
20160701,4.19,4.33,4.18,4.26,6987180,0,0,0
20160702,4.28,4.61,4.24,4.59,16646200,0,0,0
20160703,4.66,4.66,4.19,4.25,7659710,0,0,0
20160704,4.27,4.54,4.21,4.54,5062640,0,0,0
20160705,4.56,4.56,4.36,4.45,4707390,0,0,0
20160706,4.46,4.51,4.42,4.47,3238960,0,0,0
20160707,4.50,4.53,3.95,4.11,6277860,0,0,0
20160708,4.12,4.23,4.08,4.22,5033530,0,0,0
20160709,4.24,4.24,3.97,4.16,6256370,0,0,0
20160710,4.12,4.15,4.06,4.10,3039620,0,0,0
20160711,4.12,4.19,4.06,4.09,3282920,0,0,0
20160712,4.09,4.21,4.09,4.15,2734250,0,0,0
20160713,4.16,4.18,4.13,4.14,2215370,0,0,0
20160714,4.14,4.18,4.12,4.15,1663660,0,0,0
20160715,4.15,4.18,4.15,4.16,1668020,0,0,0
20160716,4.15,4.16,4.11,4.13,1378140,0,0,0
20160717,4.14,4.21,4.13,4.19,2155230,0,0,0
20160718,4.20,4.20,4.14,4.15,1577810,0,0,0
20160719,4.15,4.17,4.14,4.15,1563330,0,0,0
20160720,4.15,4.16,4.11,4.13,1908710,0,0,0
20160721,4.13,4.14,4.11,4.12,1422410,0,0,0
20160722,4.13,4.14,4.03,4.04,2677970,0,0,0
20160723,4.04,4.06,4.03,4.06,1568890,0,0,0
20160724,4.06,4.08,4.04,4.07,1839420,0,0,0
20160725,4.07,4.08,4.03,4.03,1535980,0,0,0
20160726,4.04,4.05,3.93,3.97,2545920,0,0,0
20160727,3.96,3.99,3.93,3.96,1847300,0,0,0
20160728,3.97,3.99,3.96,3.97,1728410,0,0,0
20160729,3.97,4.10,3.96,4.08,1744370,0,0,0
20160730,4.08,4.09,4.06,4.06,1388580,0,0,0
20160731,4.08,4.08,3.97,4.01,1921460,0,0,0
20160801,4.06,4.06,3.86,3.86,1991690,0,0,0
20160802,3.87,3.89,3.52,3.64,5039290,0,0,0
20160803,3.64,3.74,3.59,3.72,2875880,0,0,0
20160804,3.71,3.75,3.71,3.75,1593350,0,0,0
20160805,3.74,3.74,3.70,3.73,1162030,0,0,0
20160806,3.72,3.77,3.70,3.76,1371060,0,0,0
20160807,3.76,3.81,3.75,3.78,1335400,0,0,0
20160808,3.77,3.80,3.75,3.79,1379300,0,0,0
20160809,3.78,3.78,3.74,3.76,1878160,0,0,0
20160810,3.76,3.81,3.72,3.72,1656370,0,0,0
20160811,3.72,3.75,3.64,3.74,2374230,0,0,0
20160812,3.74,3.75,3.69,3.71,2025430,0,0,0
20160813,3.71,3.75,3.68,3.71,2473190,0,0,0
20160814,3.72,3.72,3.61,3.65,2655030,0,0,0
20160815,3.65,3.68,3.57,3.58,3314040,0,0,0
20160816,3.59,3.65,3.58,3.64,2302180,0,0,0
20160817,3.65,3.65,3.59,3.60,1830120,0,0,0
20160818,3.60,3.64,3.60,3.61,1645410,0,0,0
20160819,3.61,3.62,3.60,3.60,1433570,0,0,0
20160820,3.61,3.63,3.60,3.62,1642330,0,0,0
20160821,3.62,3.63,3.60,3.62,1321380,0,0,0
20160822,3.62,3.66,3.60,3.66,2685030,0,0,0
20160823,3.66,4.01,3.66,3.93,12154100,0,0,0
20160824,3.93,3.95,3.84,3.86,4425210,0,0,0
20160825,3.86,3.87,3.78,3.80,3206370,0,0,0
20160826,3.80,3.85,3.79,3.83,2392690,0,0,0
20160827,3.82,3.83,3.73,3.74,6505780,0,0,0
20160828,3.74,3.76,3.73,3.74,2380150,0,0,0
20160829,3.74,3.79,3.74,3.76,2610000,0,0,0
20160830,3.77,3.82,3.75,3.80,2315030,0,0,0
20160831,3.81,3.81,3.78,3.80,1678550,0,0,0
20160901,3.80,3.85,3.79,3.83,2241890,0,0,0
20160902,3.84,3.84,3.81,3.82,1984050,0,0,0
20160903,3.83,3.91,3.81,3.89,2484220,0,0,0
20160904,3.89,4.04,3.88,4.01,4834060,0,0,0
20160905,4.02,4.03,3.97,3.98,4245990,0,0,0
20160906,3.98,3.99,3.95,3.97,1699160,0,0,0
20160907,3.99,4.13,3.95,3.97,1988370,0,0,0
20160908,3.97,4.01,3.96,3.99,2425520,0,0,0
20160909,3.98,3.99,3.96,3.97,1450080,0,0,0
20160910,3.97,3.98,3.96,3.97,661652,0,0,0
20160911,3.97,3.99,3.85,3.86,2100480,0,0,0
20160912,3.87,3.87,3.79,3.82,2454330,0,0,0
20160913,3.83,3.85,3.81,3.82,2219650,0,0,0
20160914,3.82,3.85,3.82,3.83,1322330,0,0,0
20160915,3.83,3.84,3.80,3.81,1793220,0,0,0
20160916,3.82,3.83,3.80,3.81,1663730,0,0,0
20160917,3.80,3.82,3.80,3.81,1568340,0,0,0
20160918,3.81,4.09,3.81,4.04,1727830,0,0,0
20160919,4.04,4.20,3.82,3.83,1606420,0,0,0
20160920,3.83,3.86,3.82,3.84,2263260,0,0,0
20160921,3.87,3.87,3.76,3.84,3853090,0,0,0
20160922,3.86,3.86,3.77,3.77,1445220,0,0,0
20160923,3.77,3.82,3.76,3.81,1572350,0,0,0
20160924,3.81,3.84,3.80,3.81,2118420,0,0,0
20160925,3.80,3.81,3.78,3.81,1540650,0,0,0
20160926,3.80,3.87,3.80,3.86,2148250,0,0,0
20160927,3.86,3.87,3.84,3.85,1734250,0,0,0
20160928,3.85,3.87,3.83,3.84,1905040,0,0,0
20160929,3.84,3.86,3.83,3.85,1674200,0,0,0
20160930,3.84,3.85,3.82,3.84,2104930,0,0,0
20161001,3.85,3.86,3.84,3.85,1426340,0,0,0
20161002,3.85,3.88,3.82,3.84,1373630,0,0,0
20161003,3.85,3.85,3.83,3.84,1207110,0,0,0
20161004,3.84,3.84,3.82,3.82,1116870,0,0,0
20161005,3.83,3.85,3.83,3.84,1394850,0,0,0
20161006,3.85,3.86,3.83,3.85,1415940,0,0,0
20161007,3.84,3.86,3.83,3.86,1596220,0,0,0
20161008,3.86,3.87,3.84,3.84,1544210,0,0,0
20161009,3.84,3.85,3.81,3.82,1239070,0,0,0
20161010,3.82,3.83,3.78,3.80,1420790,0,0,0
20161011,3.80,3.84,3.79,3.82,2025380,0,0,0
20161012,3.82,3.83,3.76,3.76,3154520,0,0,0
20161013,3.75,3.92,3.75,3.91,3798640,0,0,0
20161014,3.91,3.92,3.89,3.90,2142390,0,0,0
20161015,3.90,3.91,3.87,3.87,1664980,0,0,0
20161016,3.88,3.91,3.88,3.89,2160150,0,0,0
20161017,3.89,3.92,3.86,3.91,1716740,0,0,0
20161018,3.95,4.23,3.83,3.84,1790400,0,0,0
20161019,3.85,3.86,3.78,3.80,2243800,0,0,0
20161020,3.81,3.82,3.77,3.78,2417550,0,0,0
20161021,3.79,3.83,3.76,3.81,2881980,0,0,0
20161022,3.81,3.91,3.80,3.89,3858130,0,0,0
20161023,3.89,3.94,3.89,3.92,3927550,0,0,0
20161024,3.92,3.92,3.87,3.87,2999400,0,0,0
20161025,3.87,3.92,3.87,3.90,3154970,0,0,0
20161026,3.91,3.97,3.90,3.96,5418040,0,0,0
20161027,3.96,4.06,3.96,4.02,6216070,0,0,0
20161028,4.04,4.04,3.95,3.97,4260230,0,0,0
20161029,3.98,4.10,3.97,4.09,5732580,0,0,0
20161030,4.10,4.10,4.02,4.03,4364420,0,0,0
20161031,4.04,4.05,3.98,3.99,3893350,0,0,0
20161101,4.00,4.15,3.99,4.09,4714890,0,0,0
20161102,4.09,4.13,4.05,4.10,3646100,0,0,0
20161103,4.11,4.18,3.81,3.86,5883490,0,0,0
20161104,3.86,3.89,3.82,3.88,3481430,0,0,0
20161105,3.88,3.93,3.85,3.87,2318820,0,0,0
20161106,3.86,3.92,3.84,3.89,2192880,0,0,0
20161107,3.89,3.89,3.79,3.84,2806430,0,0,0
20161108,3.84,3.86,3.82,3.84,2493340,0,0,0
20161109,3.85,3.94,3.81,3.86,2894790,0,0,0
20161110,3.86,3.87,3.81,3.82,2334820,0,0,0
20161111,3.84,3.84,3.80,3.82,2124360,0,0,0
20161112,3.81,3.83,3.75,3.76,2592430,0,0,0
20161113,3.77,3.91,3.69,3.88,3344370,0,0,0
20161114,3.88,3.89,3.86,3.88,2525810,0,0,0
20161115,3.89,3.96,3.86,3.89,3032290,0,0,0
20161116,3.90,4.03,3.90,4.02,4232760,0,0,0
20161117,4.06,4.07,3.94,3.94,3120160,0,0,0
20161118,3.96,4.00,3.94,3.96,2650960,0,0,0
20161119,3.98,3.98,3.94,3.95,2048720,0,0,0
20161120,3.97,3.97,3.90,3.92,2680300,0,0,0
20161121,3.93,3.96,3.92,3.94,1999840,0,0,0
20161122,3.95,3.97,3.91,3.95,2347880,0,0,0
20161123,3.97,3.97,3.92,3.93,2184200,0,0,0
20161124,3.93,3.95,3.89,3.91,2089790,0,0,0
20161125,3.91,3.92,3.89,3.92,2211790,0,0,0
20161126,3.92,3.93,3.88,3.89,1782340,0,0,0
20161127,3.91,3.92,3.88,3.88,1631940,0,0,0
20161128,3.90,3.91,3.88,3.88,1726410,0,0,0
20161129,3.89,3.90,3.87,3.87,2436960,0,0,0
20161130,3.89,3.92,3.88,3.89,1857280,0,0,0
20161201,3.91,3.92,3.89,3.91,1985600,0,0,0
20161202,3.92,3.96,3.92,3.95,2559070,0,0,0
20161203,3.95,3.95,3.91,3.92,1805780,0,0,0
20161204,3.93,3.95,3.90,3.90,1908090,0,0,0
20161205,3.88,3.92,3.33,3.53,11106200,0,0,0
20161206,3.49,3.56,3.49,3.54,3007340,0,0,0
20161207,3.54,3.63,3.51,3.62,2537240,0,0,0
20161208,3.60,3.73,3.60,3.69,2683090,0,0,0
20161209,3.69,3.71,3.68,3.69,1758140,0,0,0
20161210,3.69,3.70,3.64,3.68,2093810,0,0,0
20161211,3.69,3.69,3.63,3.64,1948170,0,0,0
20161212,3.64,3.67,3.62,3.66,2465660,0,0,0
20161213,3.67,3.70,3.65,3.65,1962750,0,0,0
20161214,3.66,3.66,3.59,3.62,2618560,0,0,0
20161215,3.61,3.65,3.60,3.62,2679340,0,0,0
20161216,3.63,3.65,3.61,3.63,1625780,0,0,0
20161217,3.63,3.71,3.61,3.70,2559210,0,0,0
20161218,3.70,3.71,3.66,3.68,1951490,0,0,0
20161219,3.68,3.68,3.65,3.66,2274070,0,0,0
20161220,3.66,3.66,3.64,3.66,2335510,0,0,0
20161221,3.66,3.69,3.65,3.65,2913250,0,0,0
20161222,3.67,3.75,3.66,3.71,3657740,0,0,0
20161223,3.72,4.66,3.71,4.66,15539100,0,0,0
20161224,4.65,4.77,4.42,4.55,19773600,0,0,0
20161225,4.56,4.57,4.22,4.35,11363100,0,0,0
20161226,4.35,4.47,4.28,4.36,7603100,0,0,0
20161227,4.37,4.58,4.33,4.47,9294450,0,0,0
20161228,4.49,4.67,4.49,4.57,10319300,0,0,0
20161229,4.58,4.63,4.51,4.56,9352850,0,0,0
20161230,4.56,4.56,4.29,4.39,11912800,0,0,0
20161231,4.39,4.40,4.29,4.33,9210720,0,0,0
20170101,4.33,4.52,4.33,4.51,11337500,0,0,0
20170102,4.52,4.74,4.48,4.65,14595300,0,0,0
20170103,4.66,4.73,4.56,4.63,10055700,0,0,0
20170104,4.63,4.84,4.63,4.84,13762400,0,0,0
20170105,4.91,4.95,4.23,4.29,19196000,0,0,0
20170106,4.30,4.35,3.84,3.86,11063700,0,0,0
20170107,3.86,3.96,3.61,3.96,14628400,0,0,0
20170108,3.96,4.02,3.90,3.99,11728600,0,0,0
20170109,4.00,4.36,3.93,4.30,11165200,0,0,0
20170110,4.30,4.68,4.29,4.59,15157900,0,0,0
20170111,4.60,4.64,3.80,3.85,21863300,0,0,0
20170112,3.84,4.02,3.78,3.96,13690900,0,0,0
20170113,3.95,3.96,3.80,3.89,7720620,0,0,0
20170114,3.89,3.95,3.87,3.90,3999180,0,0,0
20170115,3.89,3.95,3.88,3.93,9341360,0,0,0
20170116,3.92,3.96,3.87,3.90,8159260,0,0,0
20170117,3.91,3.95,3.85,3.94,4816480,0,0,0
20170118,3.94,3.95,3.78,3.84,4321020,0,0,0
20170119,3.84,3.93,3.81,3.86,4090650,0,0,0
20170120,3.86,3.91,3.84,3.89,3427180,0,0,0
20170121,3.89,3.92,3.89,3.90,2717700,0,0,0
20170122,3.90,3.92,3.82,3.84,2630830,0,0,0
20170123,3.86,3.86,3.82,3.84,2725110,0,0,0
20170124,3.84,3.84,3.78,3.79,2629220,0,0,0
20170125,3.79,3.80,3.69,3.71,6863540,0,0,0
20170126,3.71,3.84,3.71,3.83,5817220,0,0,0
20170127,3.84,3.86,3.81,3.86,5049680,0,0,0
20170128,3.85,3.87,3.84,3.85,3305270,0,0,0
20170129,3.85,3.86,3.84,3.85,2804420,0,0,0
20170130,3.86,4.02,3.86,4.02,10192700,0,0,0
20170131,4.02,4.10,4.02,4.08,15799800,0,0,0
20170201,4.08,4.13,4.03,4.08,7753930,0,0,0
20170202,4.08,4.09,4.02,4.09,5175450,0,0,0
20170203,4.08,4.11,4.04,4.08,8548470,0,0,0
20170204,4.08,4.10,4.02,4.06,6926300,0,0,0
20170205,4.07,4.07,4.02,4.04,4635400,0,0,0
20170206,4.06,4.08,4.04,4.04,4972300,0,0,0
20170207,4.05,4.08,4.04,4.04,6570650,0,0,0
20170208,4.05,4.08,3.97,4.02,7016980,0,0,0
20170209,4.03,4.08,3.71,3.80,21297300,0,0,0
20170210,3.80,3.81,3.70,3.78,7918280,0,0,0
20170211,3.78,3.80,3.77,3.79,3340840,0,0,0
20170212,3.80,3.80,3.75,3.76,2706320,0,0,0
20170213,3.77,3.77,3.70,3.72,4721650,0,0,0
20170214,3.72,3.77,3.71,3.77,3994400,0,0,0
20170215,3.77,3.82,3.76,3.81,2683590,0,0,0
20170216,3.80,3.82,3.78,3.79,3991580,0,0,0
20170217,3.78,3.84,3.77,3.83,4001350,0,0,0
20170218,3.83,3.83,3.78,3.79,3209270,0,0,0
20170219,3.79,3.79,3.74,3.76,2701490,0,0,0
20170220,3.77,3.78,3.75,3.77,3128060,0,0,0
20170221,3.76,3.80,3.76,3.78,4110740,0,0,0
20170222,3.79,3.84,3.78,3.81,4547610,0,0,0
20170223,3.80,3.85,3.80,3.84,4096480,0,0,0
20170224,3.83,3.88,3.82,3.85,6921090,0,0,0
20170225,3.85,3.86,3.81,3.83,3581200,0,0,0
20170226,3.82,3.85,3.80,3.83,2688250,0,0,0
20170227,3.81,3.83,3.80,3.80,3766590,0,0,0
20170228,3.80,3.82,3.76,3.77,4045440,0,0,0
20170301,3.77,3.81,3.76,3.80,4405000,0,0,0
20170302,3.80,4.11,3.78,3.92,9439480,0,0,0
20170303,3.92,4.00,3.90,3.92,7515680,0,0,0
20170304,3.91,3.92,3.86,3.88,3361400,0,0,0
20170305,3.86,3.90,3.84,3.90,2836910,0,0,0
20170306,3.87,3.93,3.86,3.92,4393810,0,0,0
20170307,3.89,3.91,3.80,3.82,5619560,0,0,0
20170308,3.81,3.82,3.75,3.78,4594400,0,0,0
20170309,3.77,3.84,3.76,3.84,3092100,0,0,0
20170310,3.83,3.88,3.73,3.75,7090150,0,0,0
20170311,3.76,3.84,3.75,3.80,3463740,0,0,0
20170312,3.79,3.86,3.78,3.84,3373750,0,0,0
20170313,3.85,4.25,3.83,4.17,22439100,0,0,0
20170314,4.17,4.17,4.01,4.06,7928910,0,0,0
20170315,4.05,4.18,4.00,4.16,6571900,0,0,0
20170316,4.15,4.38,4.10,4.24,12755200,0,0,0
20170317,4.23,4.23,4.04,4.06,11109600,0,0,0
20170318,4.04,4.16,3.86,3.97,12199700,0,0,0
20170319,3.96,4.03,3.90,3.96,6013050,0,0,0
20170320,3.95,4.05,3.89,4.03,4068240,0,0,0
20170321,4.04,4.04,3.98,4.01,4970080,0,0,0
20170322,3.99,4.01,3.89,3.94,5949960,0,0,0
20170323,3.93,4.00,3.92,3.98,3354160,0,0,0
20170324,3.97,4.13,3.94,4.08,12524300,0,0,0
20170325,4.07,4.12,3.97,4.07,7904680,0,0,0
20170326,4.07,4.10,4.03,4.06,3911060,0,0,0
20170327,4.07,4.14,4.04,4.08,5162690,0,0,0
20170328,4.07,4.18,4.06,4.16,4297870,0,0,0
20170329,4.14,4.20,4.09,4.19,8479960,0,0,0
20170330,4.18,7.04,4.15,6.98,191251000,0,0,0
20170331,7.02,7.07,5.85,6.67,98922600,0,0,0
20170401,6.65,6.98,6.31,6.88,57711700,0,0,0
20170402,6.86,7.94,6.65,7.74,88560400,0,0,0
20170403,7.74,8.64,7.24,8.07,114179000,0,0,0
20170404,8.12,8.96,7.53,8.29,129208000,0,0,0
20170405,8.25,11.42,7.96,11.09,217834000,0,0,0
20170406,11.12,11.45,9.66,10.25,194300000,0,0,0
20170407,10.22,10.56,9.19,9.37,94765600,0,0,0
20170408,9.34,10.35,9.33,9.92,58489100,0,0,0
20170409,9.89,10.01,8.43,8.71,90963300,0,0,0
20170410,8.72,9.20,8.19,8.92,74425700,0,0,0
20170411,8.91,9.28,8.66,8.85,50700000,0,0,0
20170412,8.83,11.06,8.83,10.79,159255000,0,0,0
20170413,10.76,10.77,9.93,10.15,64187400,0,0,0
20170414,10.13,10.51,9.68,10.39,61137000,0,0,0
20170415,10.34,11.00,10.20,10.79,47922000,0,0,0
20170416,10.75,10.90,10.67,10.71,24321400,0,0,0
20170417,10.60,11.18,10.39,10.42,104055000,0,0,0
20170418,10.42,10.94,9.97,10.32,83183300,0,0,0
20170419,10.31,10.35,9.59,9.66,55784900,0,0,0
20170420,9.63,10.66,9.59,10.33,55828300,0,0,0
20170421,10.29,11.54,10.16,11.23,99012200,0,0,0
20170422,11.18,13.07,11.11,13.06,158914000,0,0,0
20170423,13.07,14.41,12.95,13.94,198452000,0,0,0
20170424,13.96,14.97,13.33,14.97,60177200,0,0,0
20170425,14.98,15.43,14.24,15.21,56668300,0,0,0
20170426,15.21,15.79,14.56,14.85,71308800,0,0,0
20170427,14.84,15.00,13.47,14.62,76208000,0,0,0
20170428,14.59,14.78,14.06,14.34,41067800,0,0,0
20170429,14.40,15.77,14.36,15.74,45713600,0,0,0
20170430,15.70,16.07,15.47,15.71,43929100,0,0,0
20170501,15.71,16.37,14.88,15.92,66989400,0,0,0
20170502,15.92,16.23,15.15,15.89,38692100,0,0,0
20170503,15.88,21.80,15.67,21.04,253441000,0,0,0
20170504,21.04,25.69,20.86,23.39,242912000,0,0,0
20170505,23.47,27.85,23.42,26.27,218949000,0,0,0
20170506,26.47,28.59,25.49,28.16,108083000,0,0,0
20170507,28.20,31.37,28.20,30.29,187718000,0,0,0
20170508,30.37,30.74,27.33,28.96,132650000,0,0,0
20170509,28.96,33.76,24.49,33.58,251517000,0,0,0
20170510,33.30,37.33,31.22,31.96,410466000,0,0,0
20170511,32.66,32.91,28.03,30.72,206137000,0,0,0
20170512,30.93,31.68,27.37,27.45,110569000,0,0,0
20170513,27.22,28.91,25.52,28.91,83564400,0,0,0
20170514,29.09,30.45,27.79,28.89,67853200,0,0,0
20170515,28.89,28.93,25.19,25.37,97147900,0,0,0
20170516,25.34,25.34,22.81,23.33,136875000,0,0,0
20170517,23.24,25.95,20.80,25.40,141118000,0,0,0
20170518,25.17,29.01,25.12,28.36,115830000,0,0,0
20170519,28.29,28.41,26.78,27.70,96923800,0,0,0
20170520,27.68,28.16,27.20,27.51,59065000,0,0,0
20170521,27.48,28.74,25.73,26.30,104882000,0,0,0
20170522,26.14,27.50,23.27,25.38,164829000,0,0,0
20170523,25.30,32.11,24.93,32.11,216875000,0,0,0
20170524,32.12,35.16,31.71,34.45,196292000,0,0,0
20170525,34.47,36.21,28.87,29.90,687651000,0,0,0
20170526,30.33,31.32,22.56,23.75,484254000,0,0,0
20170527,23.40,25.43,20.10,23.74,505424000,0,0,0
20170528,24.01,26.07,22.11,24.22,377039000,0,0,0
20170529,24.32,25.69,23.28,25.21,219796000,0,0,0
20170530,25.32,26.13,24.03,24.14,216944000,0,0,0
20170531,24.29,25.57,23.18,25.30,298675000,0,0,0
20170601,25.34,29.62,25.30,28.80,420473000,0,0,0
20170602,28.90,29.89,27.74,28.94,332251000,0,0,0
20170603,29.04,29.17,26.63,27.66,290556000,0,0,0
20170604,27.65,27.94,26.95,27.94,204435000,0,0,0
20170605,28.09,30.99,28.09,30.84,366901000,0,0,0
20170606,30.84,31.33,29.26,30.55,321099000,0,0,0
20170607,30.57,30.68,28.37,28.39,264597000,0,0,0
20170608,28.38,30.34,27.88,30.21,229005000,0,0,0
20170609,30.19,30.59,29.62,29.68,176841000,0,0,0
20170610,29.68,30.59,29.66,30.44,202679000,0,0,0
20170611,30.50,33.56,30.16,33.22,406218000,0,0,0
20170612,33.23,33.23,27.80,29.50,372663000,0,0,0
20170613,29.49,30.64,29.33,30.64,150455000,0,0,0
20170614,30.74,32.06,29.32,30.22,278323000,0,0,0
20170615,30.22,30.37,27.31,30.22,314502000,0,0,0
20170616,30.28,35.70,29.55,35.70,515973000,0,0,0
20170617,36.18,49.30,36.18,47.65,1730780000,0,0,0
20170618,47.44,47.44,42.43,46.04,1016220000,0,0,0
20170619,46.16,53.55,44.99,50.32,1342360000,0,0,0
20170620,50.41,51.47,45.75,47.22,612935000,0,0,0
20170621,47.30,49.73,44.22,47.79,640054000,0,0,0
20170622,47.72,48.85,45.87,47.71,445323000,0,0,0
20170623,47.75,48.42,47.27,47.34,284270000,0,0,0
20170624,47.25,47.44,44.01,44.49,321214000,0,0,0
20170625,44.49,46.22,43.05,43.92,354372000,0,0,0
20170626,44.04,44.35,37.55,41.13,538072000,0,0,0
20170627,41.13,41.39,36.20,40.54,565265000,0,0,0
20170628,40.82,43.61,39.18,42.85,353444000,0,0,0
20170629,42.83,42.83,40.35,41.07,300131000,0,0,0
20170630,41.04,41.75,40.17,40.35,251184000,0,0,0
20170701,40.40,40.58,38.47,38.99,225507000,0,0,0
20170702,38.95,43.27,37.80,41.57,315630000,0,0,0
20170703,41.48,48.40,40.97,46.43,729938000,0,0,0
20170704,46.56,55.42,46.56,55.33,1101750000,0,0,0
20170705,55.27,56.03,50.60,53.19,790609000,0,0,0
20170706,53.20,53.20,50.12,51.13,461149000,0,0,0
20170707,51.10,51.14,45.63,46.58,553712000,0,0,0
20170708,46.64,52.75,44.67,52.14,604987000,0,0,0
20170709,52.36,53.31,49.53,49.58,409244000,0,0,0
20170710,49.91,50.53,44.74,46.58,373253000,0,0,0
20170711,46.27,47.39,43.65,45.33,400045000,0,0,0
20170712,45.26,49.07,44.07,48.75,369964000,0,0,0
20170713,48.72,49.05,45.39,46.33,229105000,0,0,0
20170714,46.36,46.48,40.80,42.80,320419000,0,0,0
20170715,42.81,42.81,37.78,38.92,327332000,0,0,0
20170716,38.92,41.97,36.38,40.91,393366000,0,0,0
20170717,41.19,43.07,40.17,42.67,355036000,0,0,0
20170718,42.62,45.33,41.47,44.30,380816000,0,0,0
20170719,44.35,44.42,40.56,40.86,246377000,0,0,0
20170720,40.96,45.45,40.96,45.02,354802000,0,0,0
20170721,45.07,47.45,44.52,45.76,286020000,0,0,0
20170722,45.77,46.80,45.45,46.56,132333000,0,0,0
20170723,46.63,46.64,42.94,44.06,219257000,0,0,0
20170724,44.16,44.81,43.29,44.41,158532000,0,0,0
20170725,44.48,44.79,41.07,42.24,206307000,0,0,0
20170726,42.29,42.70,40.63,42.23,121389000,0,0,0
20170727,42.35,42.62,41.39,42.14,81714000,0,0,0
20170728,42.22,42.47,35.94,40.61,137556000,0,0,0
20170729,40.56,41.34,38.74,41.12,109945000,0,0,0
20170730,41.18,41.82,40.06,40.42,75746700,0,0,0
20170731,40.34,44.03,38.95,43.02,240821000,0,0,0
20170801,43.02,43.77,41.09,43.04,203656000,0,0,0
20170802,43.07,43.21,42.07,42.13,103557000,0,0,0
20170803,42.19,43.17,42.13,42.86,95497600,0,0,0
20170804,42.89,43.71,42.82,43.45,114810000,0,0,0
20170805,43.49,46.92,43.48,46.86,248320000,0,0,0
20170806,46.84,47.30,45.10,45.10,147891000,0,0,0
20170807,45.17,46.48,45.12,45.80,106560000,0,0,0
20170808,45.90,49.37,45.79,48.63,205565000,0,0,0
20170809,48.59,50.23,47.16,48.01,253103000,0,0,0
20170810,48.05,48.51,46.50,46.50,121661000,0,0,0
20170811,46.40,47.33,46.40,47.10,137644000,0,0,0
20170812,47.05,47.62,46.29,46.43,142065000,0,0,0
20170813,46.57,48.07,44.33,45.81,242565000,0,0,0
20170814,45.83,46.51,45.43,45.80,114402000,0,0,0
20170815,45.81,45.84,42.29,43.31,206081000,0,0,0
20170816,43.37,45.06,42.57,44.15,120765000,0,0,0
20170817,44.18,44.83,43.78,43.91,104020000,0,0,0
20170818,43.90,47.86,43.59,47.28,293350000,0,0,0
20170819,47.05,47.08,43.78,45.48,155404000,0,0,0
20170820,45.38,47.55,44.75,46.23,138850000,0,0,0
20170821,46.19,48.75,45.62,47.94,207172000,0,0,0
20170822,47.90,47.90,45.48,46.73,163104000,0,0,0
20170823,46.71,54.78,46.48,53.25,447188000,0,0,0
20170824,52.82,53.28,50.19,50.19,391342000,0,0,0
20170825,50.17,52.13,49.84,51.18,157619000,0,0,0
20170826,51.17,52.26,50.45,51.75,126024000,0,0,0
20170827,51.80,64.44,51.64,61.16,890546000,0,0,0
20170828,61.36,64.92,59.87,62.36,556637000,0,0,0
20170829,62.39,63.29,61.26,63.17,294799000,0,0,0
20170830,63.16,64.21,60.90,64.17,240309000,0,0,0
20170831,64.16,72.28,64.04,71.06,633147000,0,0,0
20170901,70.86,87.41,70.01,86.04,1551740000,0,0,0
20170902,85.83,92.07,72.23,79.02,1363990000,0,0,0
20170903,78.98,82.83,73.61,76.84,675462000,0,0,0
20170904,76.73,76.73,61.24,65.21,922041000,0,0,0
20170905,65.25,72.44,59.05,71.29,1016090000,0,0,0
20170906,71.78,80.64,71.51,80.11,830718000,0,0,0
20170907,79.88,81.06,75.59,78.48,526829000,0,0,0
20170908,78.45,80.13,63.83,67.79,930673000,0,0,0
20170909,67.21,69.55,64.01,66.01,467895000,0,0,0
20170910,65.80,65.95,57.06,61.61,529848000,0,0,0
20170911,61.65,67.23,61.37,66.04,412076000,0,0,0
20170912,66.24,70.25,63.86,64.23,481218000,0,0,0
20170913,64.32,64.60,58.93,61.73,501522000,0,0,0
20170914,61.64,62.43,41.25,41.58,749714000,0,0,0
20170915,41.69,50.65,32.03,48.21,1554340000,0,0,0
20170916,48.13,52.83,46.46,48.26,562278000,0,0,0
20170917,48.23,49.88,45.12,48.49,245262000,0,0,0
20170918,48.53,55.61,48.53,55.53,408675000,0,0,0
20170919,55.68,55.88,51.05,52.84,286583000,0,0,0
20170920,52.74,53.83,51.25,51.73,160252000,0,0,0
20170921,51.66,52.31,45.67,46.61,229363000,0,0,0
20170922,46.65,49.09,45.19,48.09,218134000,0,0,0
20170923,48.16,49.79,46.69,49.27,142073000,0,0,0
20170924,49.25,49.27,47.52,47.62,82147100,0,0,0
20170925,47.62,52.44,47.57,51.58,208641000,0,0,0
20170926,51.69,53.70,51.08,51.55,173663000,0,0,0
20170927,51.58,56.54,51.58,56.28,220363000,0,0,0
20170928,56.21,56.67,53.41,54.09,202009000,0,0,0
20170929,54.11,54.16,50.42,52.62,186560000,0,0,0
20170930,52.63,55.23,52.62,55.14,131446000,0,0,0
20171001,55.14,55.16,53.63,54.54,100183000,0,0,0
20171002,54.55,54.78,53.26,53.38,95474600,0,0,0
20171003,53.39,53.59,51.59,52.35,88516100,0,0,0
20171004,52.28,53.05,50.83,51.40,77473400,0,0,0
20171005,51.40,51.87,50.44,51.67,69594400,0,0,0
20171006,51.64,52.60,51.53,52.12,59355900,0,0,0
20171007,52.14,52.75,51.64,52.58,51786200,0,0,0
20171008,52.49,54.51,52.26,53.14,100841000,0,0,0
20171009,53.08,53.39,48.47,50.16,152366000,0,0,0
20171010,50.15,51.67,49.86,50.72,90415500,0,0,0
20171011,50.75,51.14,50.32,50.89,57390100,0,0,0
20171012,50.89,60.11,50.87,60.11,341369000,0,0,0
20171013,60.55,60.96,55.84,59.43,357124000,0,0,0
20171014,59.41,66.19,58.60,63.95,313106000,0,0,0
20171015,64.13,70.09,62.55,65.47,453940000,0,0,0
20171016,65.72,66.34,62.69,64.62,200428000,0,0,0
20171017,64.67,64.70,58.85,59.48,205363000,0,0,0
20171018,59.59,61.75,53.79,60.73,283869000,0,0,0
20171019,60.82,61.29,58.71,59.74,160943000,0,0,0
20171020,59.81,61.88,58.56,60.33,150542000,0,0,0
20171021,60.30,60.52,56.83,58.20,139503000,0,0,0
20171022,58.27,58.65,56.44,56.81,96781400,0,0,0
20171023,56.77,56.77,52.87,54.92,177315000,0,0,0
20171024,54.96,59.10,53.29,55.96,199789000,0,0,0
20171025,55.95,56.58,54.09,56.49,114510000,0,0,0
20171026,56.47,57.15,55.28,55.74,81104700,0,0,0
20171027,55.67,56.25,55.15,55.33,78923100,0,0,0
20171028,55.38,56.13,54.57,54.69,71063200,0,0,0
20171029,54.67,57.75,54.49,57.11,138340000,0,0,0
20171030,56.84,58.55,56.24,56.39,129287000,0,0,0
20171031,56.37,56.79,55.72,55.75,99381100,0,0,0
20171101,55.74,55.74,53.18,53.18,112759000,0,0,0
20171102,53.56,55.28,50.85,54.74,221077000,0,0,0
20171103,54.58,56.29,54.28,56.18,150030000,0,0,0
20171104,56.22,56.37,54.94,55.04,83633100,0,0,0
20171105,55.03,55.48,54.63,54.75,84302000,0,0,0
20171106,54.76,56.17,53.95,55.17,133918000,0,0,0
20171107,54.99,63.81,54.99,61.30,402670000,0,0,0
20171108,61.11,64.06,60.79,62.57,349454000,0,0,0
20171109,62.49,66.84,61.73,64.27,279653000,0,0,0
20171110,64.44,65.90,56.91,59.26,291596000,0,0,0
20171111,59.35,63.71,59.24,62.30,272494000,0,0,0
20171112,62.31,62.31,57.41,59.01,322820000,0,0,0
20171113,59.18,62.76,58.85,61.40,237478000,0,0,0
20171114,61.64,63.81,60.87,62.68,174111000,0,0,0
20171115,62.78,65.52,62.71,63.82,194636000,0,0,0
20171116,63.81,72.48,62.94,71.06,418129000,0,0,0
20171117,70.45,71.12,65.78,67.57,350505000,0,0,0
20171118,67.41,69.77,65.71,69.64,174063000,0,0,0
20171119,69.51,72.98,68.60,71.59,243057000,0,0,0
20171120,71.41,72.92,70.79,72.25,188976000,0,0,0
20171121,72.20,72.53,68.11,70.03,231665000,0,0,0
20171122,70.18,71.95,70.18,71.89,157890000,0,0,0
20171123,71.98,76.40,70.90,73.22,315247000,0,0,0
20171124,73.14,77.97,72.81,77.97,287392000,0,0,0
20171125,77.91,89.37,77.52,88.82,487897000,0,0,0
20171126,88.94,88.94,84.02,85.93,357457000,0,0,0
20171127,85.89,93.29,85.89,91.60,429591000,0,0,0
20171128,91.72,96.03,90.34,96.03,388931000,0,0,0
20171129,96.01,104.61,81.77,85.57,786820000,0,0,0
20171130,86.25,93.54,78.08,88.33,481948000,0,0,0
20171201,88.00,100.41,83.74,99.00,561343000,0,0,0
20171202,98.94,103.80,98.32,100.28,402554000,0,0,0
20171203,100.19,106.39,98.10,101.26,364022000,0,0,0
