DATE,OPEN,HIGH,LOW,CLOSE,VOL,P,R,RINFO
20140521,2.47,2.65,1.23,1.60,246540,0,0,0
20140522,1.59,2.19,1.36,2.10,132918,0,0,0
20140523,2.05,3.43,2.05,2.96,266852,0,0,0
20140524,2.92,4.01,2.62,3.70,248028,0,0,0
20140525,4.04,4.04,2.80,3.14,283545,0,0,0
20140526,3.22,3.76,2.31,3.02,220148,0,0,0
20140527,3.03,3.03,2.07,2.21,97603,0,0,0
20140528,2.24,2.85,1.91,2.27,177716,0,0,0
20140529,2.21,2.49,1.68,1.68,109157,0,0,0
20140530,1.68,1.87,1.08,1.57,119296,0,0,0
20140531,1.58,2.28,1.41,1.94,117399,0,0,0
20140601,1.94,2.57,1.54,1.74,130602,0,0,0
20140602,1.76,1.94,1.60,1.73,47672,0,0,0
20140603,1.73,2.10,1.65,1.93,91332,0,0,0
20140604,1.93,1.99,1.71,1.81,51886,0,0,0
20140606,1.46,1.51,1.17,1.24,100635,0,0,0
20140607,1.24,1.69,1.21,1.36,44187,0,0,0
20140608,1.36,1.44,1.24,1.34,40634,0,0,0
20140609,1.33,1.64,1.27,1.52,56500,0,0,0
20140610,1.48,2.39,1.31,1.73,182599,0,0,0
20140611,1.72,2.17,1.53,1.62,85735,0,0,0
20140612,1.62,2.17,1.53,1.74,108619,0,0,0
20140613,1.65,1.96,1.62,1.92,84237,0,0,0
20140614,1.93,2.82,1.88,2.34,276919,0,0,0
20140615,2.32,2.75,2.25,2.69,150652,0,0,0
20140616,2.72,3.55,2.62,3.18,438776,0,0,0
20140617,3.15,3.31,2.72,2.82,228445,0,0,0
20140618,2.90,2.98,2.46,2.79,183102,0,0,0
20140619,2.78,3.52,2.68,3.13,283962,0,0,0
20140620,3.17,4.59,3.12,4.56,543764,0,0,0
20140621,4.33,5.85,4.14,5.01,723077,0,0,0
20140622,4.98,5.21,4.02,4.35,491984,0,0,0
20140623,4.28,4.82,3.77,3.98,433301,0,0,0
20140624,3.93,4.07,2.96,3.28,150995,0,0,0
20140625,3.23,3.39,2.63,3.39,217183,0,0,0
20140626,3.28,3.38,2.80,2.89,117740,0,0,0
20140627,2.98,3.00,2.07,2.20,250643,0,0,0
20140628,2.32,2.90,2.25,2.55,184970,0,0,0
20140629,2.55,2.76,2.26,2.54,138511,0,0,0
20140630,2.55,2.70,2.44,2.50,124575,0,0,0
20140701,2.51,2.65,2.34,2.35,98540,0,0,0
20140702,2.34,2.54,2.26,2.31,101095,0,0,0
20140703,2.31,2.82,2.23,2.64,168532,0,0,0
20140704,2.64,3.00,2.54,2.64,148555,0,0,0
20140705,2.64,2.64,2.44,2.47,68525,0,0,0
20140706,2.47,2.48,2.29,2.40,77663,0,0,0
20140707,2.40,2.40,1.95,1.99,111370,0,0,0
20140708,1.98,2.36,1.97,2.35,94993,0,0,0
20140709,2.30,2.31,1.99,2.01,69554,0,0,0
20140710,2.03,2.09,1.86,1.89,89099,0,0,0
20140711,1.86,1.92,1.72,1.79,116666,0,0,0
20140712,1.79,1.94,1.72,1.73,65375,0,0,0
20140713,1.73,1.97,1.46,1.79,122049,0,0,0
20140714,1.79,1.99,1.62,1.97,100284,0,0,0
20140715,1.95,2.20,1.79,2.11,136205,0,0,0
20140716,2.16,2.93,2.05,2.71,353430,0,0,0
20140717,2.71,3.58,2.64,2.98,503684,0,0,0
20140718,3.03,3.29,2.46,2.62,348336,0,0,0
20140719,2.59,3.07,2.54,2.88,169471,0,0,0
20140720,2.88,2.93,2.58,2.63,116853,0,0,0
20140721,2.67,3.14,2.65,3.09,243140,0,0,0
20140722,3.09,3.32,3.01,3.20,262049,0,0,0
20140723,3.20,3.24,2.84,2.91,274946,0,0,0
20140724,2.92,2.97,2.28,2.36,292547,0,0,0
20140725,2.37,2.71,2.31,2.71,182887,0,0,0
20140726,2.70,2.77,2.51,2.62,125320,0,0,0
20140727,2.62,2.65,2.45,2.55,111827,0,0,0
20140728,2.55,2.70,2.42,2.70,141903,0,0,0
20140729,2.70,2.80,2.56,2.62,272756,0,0,0
20140730,2.62,2.63,2.50,2.54,79830,0,0,0
20140731,2.52,2.64,2.49,2.55,111065,0,0,0
20140801,2.57,2.67,2.49,2.67,145177,0,0,0
20140802,2.67,2.73,2.50,2.50,101031,0,0,0
20140803,2.50,2.50,2.25,2.36,144327,0,0,0
20140804,2.36,37.78,1.99,2.01,234647,0,0,0
20140805,2.01,2.20,1.98,2.15,94391,0,0,0
20140806,2.20,2.28,2.13,2.19,76411,0,0,0
20140807,2.19,2.24,2.10,2.14,88304,0,0,0
20140808,2.14,2.21,2.11,2.18,87502,0,0,0
20140809,2.17,2.18,2.08,2.10,72351,0,0,0
20140810,2.05,2.12,1.99,2.06,80847,0,0,0
20140811,2.04,2.17,1.93,2.08,132234,0,0,0
20140812,2.08,2.10,1.97,2.00,114580,0,0,0
20140813,2.00,2.04,1.83,1.90,89506,0,0,0
20140814,1.91,1.92,1.69,1.76,99815,0,0,0
20140815,1.78,1.80,1.52,1.59,182760,0,0,0
20140816,1.59,1.61,1.49,1.60,82703,0,0,0
20140817,1.60,1.65,1.42,1.46,72244,0,0,0
20140818,1.47,1.65,1.34,1.45,108222,0,0,0
20140819,1.45,1.65,1.39,1.65,98273,0,0,0
20140820,1.66,1.96,1.61,1.83,286655,0,0,0
20140821,1.84,1.90,1.78,1.82,141302,0,0,0
20140822,1.82,1.90,1.75,1.78,118268,0,0,0
20140823,1.78,1.86,1.73,1.81,81316,0,0,0
20140824,1.81,1.97,1.81,1.95,113086,0,0,0
20140825,1.95,2.08,1.89,2.05,179315,0,0,0
20140826,2.09,2.10,1.90,2.01,191411,0,0,0
20140827,2.01,2.04,1.94,2.01,125364,0,0,0
20140828,2.00,2.24,2.00,2.21,246829,0,0,0
20140829,2.18,2.28,2.14,2.21,219724,0,0,0
20140830,2.21,2.49,2.19,2.44,270668,0,0,0
20140831,2.43,2.56,2.10,2.17,308396,0,0,0
20140901,2.17,2.28,1.97,2.04,268279,0,0,0
20140902,2.05,2.07,1.89,1.96,218797,0,0,0
20140903,1.95,2.09,1.90,2.03,153437,0,0,0
20140904,2.03,2.16,1.88,2.05,186620,0,0,0
20140905,2.05,2.11,1.86,1.98,168193,0,0,0
20140906,1.98,2.00,1.90,1.95,120274,0,0,0
20140907,1.94,1.97,1.84,1.88,151671,0,0,0
20140908,1.88,1.92,1.79,1.87,158829,0,0,0
20140909,1.88,1.89,1.75,1.77,129058,0,0,0
20140910,1.77,2.08,1.76,1.97,280005,0,0,0
20140911,1.97,2.07,1.92,1.94,173065,0,0,0
20140912,1.94,2.00,1.82,1.88,166282,0,0,0
20140913,1.88,1.89,1.79,1.85,156820,0,0,0
20140914,1.85,1.89,1.79,1.82,123269,0,0,0
20140915,1.82,1.91,1.81,1.90,132403,0,0,0
20140916,1.90,1.91,1.83,1.84,149855,0,0,0
20140917,1.84,1.90,1.65,1.77,291633,0,0,0
20140918,1.74,1.74,1.50,1.57,253082,0,0,0
20140919,1.57,1.59,1.38,1.45,171739,0,0,0
20140920,1.44,1.57,1.17,1.27,362626,0,0,0
20140921,1.27,1.41,1.17,1.27,239591,0,0,0
20140922,1.27,1.34,1.21,1.26,137822,0,0,0
20140923,1.26,1.50,1.23,1.47,205229,0,0,0
20140924,1.46,1.56,1.45,1.51,122748,0,0,0
20140925,1.50,1.51,1.39,1.40,126179,0,0,0
20140926,1.40,1.46,1.32,1.39,81632,0,0,0
20140927,1.38,1.39,1.28,1.31,95657,0,0,0
20140928,1.31,1.37,1.21,1.22,84413,0,0,0
20140929,1.22,1.23,1.14,1.15,83902,0,0,0
20140930,1.16,1.25,1.14,1.22,82094,0,0,0
20141001,1.21,1.22,1.17,1.20,65140,0,0,0
20141002,1.22,1.22,1.18,1.19,61824,0,0,0
20141003,1.18,1.18,1.07,1.10,113844,0,0,0
20141004,1.09,1.13,0.966409,0.977628,65894,0,0,0
20141005,0.977117,1.01,0.786768,0.879503,86073,0,0,0
20141006,0.878679,0.996530,0.805445,0.979703,65377,0,0,0
20141007,0.980493,1.01,0.900690,1.00,68252,0,0,0
20141008,1.00,1.11,0.949084,1.09,116352,0,0,0
20141009,1.09,1.16,1.05,1.11,66785,0,0,0
20141010,1.10,1.15,1.04,1.14,121420,0,0,0
20141011,1.14,1.15,1.06,1.08,81876,0,0,0
20141012,1.08,1.10,1.04,1.09,58972,0,0,0
20141013,1.08,1.13,1.02,1.10,92059,0,0,0
20141014,1.10,1.16,1.07,1.07,63787,0,0,0
20141015,1.08,1.08,0.911003,0.990811,104550,0,0,0
20141016,0.986954,1.03,0.918340,0.999458,59154,0,0,0
20141017,0.998718,0.998718,0.918857,0.973198,63034,0,0,0
20141018,0.973584,1.00,0.948108,0.965830,60842,0,0,0
20141019,0.965568,1.01,0.958882,0.994436,47858,0,0,0
20141020,0.995676,1.01,0.916824,0.950394,86281,0,0,0
20141021,0.952061,0.979182,0.932976,0.957783,50963,0,0,0
20141022,0.956909,0.992102,0.942747,0.946716,63727,0,0,0
20141023,0.942326,0.946193,0.725042,0.865496,97124,0,0,0
20141024,0.842075,0.859968,0.744815,0.762157,52867,0,0,0
20141025,0.763826,0.771308,0.671765,0.739802,54596,0,0,0
20141026,0.740260,0.753170,0.685867,0.694402,37577,0,0,0
20141027,0.697623,0.774522,0.603494,0.722831,141319,0,0,0
20141028,0.704975,0.729839,0.604616,0.689257,82389,0,0,0
20141029,0.687775,0.699246,0.621768,0.633060,23967,0,0,0
20141030,0.632047,0.664415,0.590307,0.614064,48427,0,0,0
20141031,0.613690,0.640114,0.598314,0.607218,37303,0,0,0
20141101,0.607123,0.638227,0.571454,0.585832,33872,0,0,0
20141102,0.586417,0.586417,0.561821,0.579494,26877,0,0,0
20141103,0.577925,0.599260,0.551178,0.576323,40900,0,0,0
20141104,0.575828,0.582737,0.545748,0.547635,42253,0,0,0
20141105,0.547942,0.584644,0.547942,0.571982,25458,0,0,0
20141106,0.570834,0.597075,0.556807,0.595903,28528,0,0,0
20141107,0.590278,0.619485,0.578323,0.616295,29987,0,0,0
20141108,0.619835,0.658196,0.593668,0.643877,40713,0,0,0
20141109,0.643598,0.721369,0.634068,0.721369,44247,0,0,0
20141110,0.716670,0.762476,0.692920,0.735697,67836,0,0,0
20141111,0.734491,0.746636,0.691961,0.717955,30147,0,0,0
20141112,0.718542,0.763825,0.695158,0.732320,75047,0,0,0
20141113,0.735674,0.773504,0.665388,0.704530,41143,0,0,0
20141114,0.700665,0.701875,0.643252,0.689225,65338,0,0,0
20141115,0.692307,0.705406,0.625895,0.641145,31336,0,0,0
20141116,0.638882,0.657677,0.626272,0.654531,27107,0,0,0
20141117,0.651929,0.676593,0.556251,0.584780,152764,0,0,0
20141118,0.586133,0.603339,0.526158,0.599073,49912,0,0,0
20141119,0.596995,0.602582,0.554352,0.559003,25761,0,0,0
20141120,0.558639,0.569225,0.514469,0.525171,23232,0,0,0
20141121,0.516995,0.563250,0.500091,0.532490,34458,0,0,0
20141122,0.533662,0.557867,0.525431,0.534829,26877,0,0,0
20141123,0.535661,0.542355,0.515386,0.526897,31247,0,0,0
20141124,0.526050,0.553483,0.525883,0.531740,29694,0,0,0
20141125,0.531602,0.640426,0.530890,0.595471,84303,0,0,0
20141126,0.582570,0.624192,0.551515,0.562741,29237,0,0,0
20141127,0.560613,0.569668,0.553501,0.557540,10861,0,0,0
20141128,0.557097,0.575006,0.534664,0.564761,17670,0,0,0
20141129,0.564320,0.586719,0.559993,0.565711,17081,0,0,0
20141130,0.571386,0.580775,0.562884,0.567552,14933,0,0,0
20141201,0.567864,0.577934,0.470041,0.474500,78718,0,0,0
20141202,0.473696,0.552778,0.469477,0.527409,21322,0,0,0
20141203,0.528122,0.528122,0.484670,0.507566,26153,0,0,0
20141204,0.508874,0.517186,0.453813,0.456468,18052,0,0,0
20141205,0.455063,0.480443,0.407362,0.428893,45855,0,0,0
20141206,0.427467,0.448940,0.422849,0.443703,18704,0,0,0
20141207,0.443451,0.480663,0.443451,0.470556,21888,0,0,0
20141208,0.470613,0.497378,0.443479,0.448344,36453,0,0,0
20141209,0.448309,0.449525,0.380460,0.389608,28887,0,0,0
20141210,0.391179,0.419919,0.368985,0.389659,18125,0,0,0
20141211,0.387380,0.407224,0.376755,0.398488,22967,0,0,0
20141212,0.393799,0.397863,0.372755,0.375733,16404,0,0,0
20141213,0.375526,0.384706,0.368599,0.375961,17428,0,0,0
20141214,0.375254,0.411324,0.370846,0.383506,13827,0,0,0
20141215,0.386838,0.406343,0.377044,0.382897,23998,0,0,0
20141216,0.383263,0.391983,0.334445,0.337857,41022,0,0,0
20141217,0.347026,0.349178,0.299859,0.338319,33392,0,0,0
20141218,0.338177,0.352620,0.304904,0.316383,17760,0,0,0
20141219,0.316167,0.344685,0.304235,0.319859,16495,0,0,0
20141220,0.319682,0.341609,0.312549,0.339099,12708,0,0,0
20141221,0.338958,0.356308,0.320784,0.343806,24432,0,0,0
20141222,0.343896,0.361704,0.330488,0.344799,19493,0,0,0
20141223,0.345175,0.381363,0.334889,0.381093,25039,0,0,0
20141224,0.383242,0.458137,0.378322,0.425367,64963,0,0,0
20141225,0.422909,0.455604,0.399465,0.452427,53937,0,0,0
20141226,0.456171,0.458636,0.428161,0.433700,35090,0,0,0
20141227,0.432913,0.537681,0.409900,0.510573,98086,0,0,0
20141228,0.509646,0.611029,0.482193,0.563872,117333,0,0,0
20141229,0.564681,0.572393,0.487799,0.487799,72362,0,0,0
20141230,0.490338,0.530357,0.456339,0.489046,57426,0,0,0
20141231,0.486608,0.488417,0.424435,0.434660,37598,0,0,0
20150101,0.436241,0.467300,0.419361,0.465760,25000,0,0,0
20150102,0.473272,0.488038,0.434144,0.459137,34884,0,0,0
20150103,0.459173,0.490255,0.451601,0.461172,42366,0,0,0
20150104,0.466618,0.467790,0.398095,0.417234,29438,0,0,0
20150105,0.411376,0.447289,0.393024,0.421412,35008,0,0,0
20150106,0.421620,0.477287,0.409644,0.461609,34747,0,0,0
20150107,0.461614,0.477443,0.446402,0.463607,21150,0,0,0
20150108,0.472087,0.472087,0.429126,0.429175,18235,0,0,0
20150109,0.428426,0.441486,0.413262,0.431801,15357,0,0,0
20150110,0.425966,0.430232,0.370869,0.419216,23213,0,0,0
20150111,0.418943,0.419528,0.372444,0.378748,12932,0,0,0
20150112,0.378873,0.385037,0.360253,0.364316,12038,0,0,0
20150113,0.363763,0.365199,0.297354,0.309479,15632,0,0,0
20150114,0.300409,0.304722,0.212967,0.223522,20845,0,0,0
20150115,0.220121,0.273713,0.220121,0.261714,14019,0,0,0
20150116,0.260538,0.282141,0.247618,0.278449,14483,0,0,0
20150117,0.282024,0.284548,0.236521,0.248057,12834,0,0,0
20150118,0.248730,0.269781,0.232751,0.258656,11861,0,0,0
20150119,0.255703,0.264840,0.237711,0.254181,17060,0,0,0
20150120,0.253765,0.254656,0.230319,0.236223,8074,0,0,0
20150121,0.240656,0.262472,0.232988,0.261268,10021,0,0,0
20150122,0.261508,0.287439,0.257221,0.273442,15643,0,0,0
20150123,0.273993,0.289574,0.255464,0.283141,12269,0,0,0
20150124,0.279997,0.306491,0.266452,0.298369,16130,0,0,0
20150125,0.297115,0.332840,0.295258,0.310227,24533,0,0,0
20150126,0.315818,0.362985,0.299823,0.317078,29144,0,0,0
20150127,0.316540,0.330593,0.288746,0.320371,17844,0,0,0
20150128,0.319018,0.330095,0.276252,0.290979,16093,0,0,0
20150129,0.290276,0.318331,0.280945,0.309911,27625,0,0,0
20150130,0.306139,0.321144,0.286755,0.294018,21911,0,0,0
20150131,0.294042,0.302376,0.279501,0.284363,10211,0,0,0
20150201,0.283610,0.311151,0.272703,0.299954,17051,0,0,0
20150202,0.300810,0.305869,0.283944,0.301242,16725,0,0,0
20150203,0.300962,0.307398,0.275777,0.288734,11397,0,0,0
20150204,0.289054,0.296241,0.265131,0.289486,19736,0,0,0
20150205,0.289486,0.298088,0.266988,0.272273,13746,0,0,0
20150206,0.272327,0.281941,0.262469,0.270772,14473,0,0,0
20150207,0.270831,0.284338,0.264148,0.275702,12075,0,0,0
20150208,0.275459,0.279798,0.255687,0.265034,11615,0,0,0
20150209,0.258768,0.265256,0.247360,0.251738,12603,0,0,0
20150210,0.252897,0.254932,0.237397,0.244719,14973,0,0,0
20150211,0.244507,0.251757,0.228287,0.231497,23085,0,0,0
20150212,0.234869,0.255847,0.224266,0.246741,25486,0,0,0
20150213,0.250009,0.264404,0.237559,0.255641,12966,0,0,0
20150214,0.255242,0.282160,0.252122,0.280322,19546,0,0,0
20150215,0.279862,0.280850,0.242444,0.251380,13141,0,0,0
20150216,0.252583,0.256815,0.241612,0.251039,8801,0,0,0
20150217,0.251008,0.259335,0.245205,0.253231,16775,0,0,0
20150218,0.253632,0.255740,0.232431,0.248507,33558,0,0,0
20150219,0.249056,0.302804,0.245411,0.282791,35329,0,0,0
20150220,0.284644,0.307340,0.276358,0.305673,23536,0,0,0
20150221,0.305391,0.317549,0.294589,0.302557,14275,0,0,0
20150222,0.302750,0.313139,0.262125,0.313139,28371,0,0,0
20150223,0.314207,0.355874,0.301992,0.337887,82507,0,0,0
20150224,0.384864,0.394168,0.337610,0.340267,77991,0,0,0
20150225,0.335048,0.371745,0.321195,0.365243,33340,0,0,0
20150226,0.365299,0.371073,0.340683,0.357721,31163,0,0,0
20150227,0.357521,0.398922,0.354788,0.381008,36994,0,0,0
20150228,0.385549,0.437406,0.379742,0.427227,68062,0,0,0
20150301,0.427313,0.428362,0.397172,0.426028,23255,0,0,0
20150302,0.425727,0.431746,0.384157,0.428434,67915,0,0,0
20150303,0.428695,0.428695,0.389474,0.415078,23029,0,0,0
20150304,0.415367,0.423196,0.390815,0.413151,21345,0,0,0
20150305,0.413275,0.479477,0.408101,0.469626,45238,0,0,0
20150306,0.472445,0.519687,0.452861,0.486039,77668,0,0,0
20150307,0.486154,0.498645,0.454861,0.457321,25259,0,0,0
20150308,0.465570,0.503778,0.452096,0.484062,39107,0,0,0
20150309,0.489531,0.677262,0.464207,0.634890,110877,0,0,0
20150310,0.648228,0.829071,0.583301,0.791843,182299,0,0,0
20150311,0.792159,0.804778,0.656610,0.715782,95830,0,0,0
20150312,0.715490,0.715490,0.649881,0.684608,62621,0,0,0
20150313,0.678898,0.687685,0.632975,0.644822,56953,0,0,0
20150314,0.633491,0.724987,0.588473,0.676167,83441,0,0,0
20150315,0.674561,0.792409,0.668614,0.694250,70322,0,0,0
20150316,0.695199,0.850915,0.687812,0.805943,110309,0,0,0
20150317,0.806746,0.820730,0.740693,0.752221,61111,0,0,0
20150318,0.752673,0.752673,0.616340,0.638029,51858,0,0,0
20150319,0.646906,0.686367,0.613131,0.677382,52047,0,0,0
20150320,0.667179,0.681503,0.615417,0.633158,28023,0,0,0
20150321,0.642876,0.746377,0.628618,0.743222,61605,0,0,0
20150322,0.743241,0.806098,0.730675,0.777347,108985,0,0,0
20150323,0.775314,0.785542,0.739098,0.766353,45634,0,0,0
20150324,0.766937,0.777265,0.677083,0.711852,52144,0,0,0
20150325,0.706427,0.777912,0.665812,0.767497,98536,0,0,0
20150326,0.767811,0.778786,0.737119,0.746328,44427,0,0,0
20150327,0.744401,0.799100,0.733024,0.777714,42036,0,0,0
20150328,0.779336,0.852626,0.765332,0.795417,74210,0,0,0
20150329,0.806605,0.817701,0.701294,0.712153,58609,0,0,0
20150330,0.718821,0.890235,0.714820,0.853188,108069,0,0,0
20150331,0.870559,1.02,0.848876,0.907059,216122,0,0,0
20150401,0.907474,1.05,0.907474,1.01,119203,0,0,0
20150402,1.01,1.03,0.918268,0.969260,88831,0,0,0
20150403,0.977708,1.02,0.878714,0.952245,139293,0,0,0
20150404,0.940243,0.991304,0.714985,0.859290,128977,0,0,0
20150405,0.857369,0.919018,0.727060,0.883731,143439,0,0,0
20150406,0.877685,0.914227,0.762972,0.789463,38051,0,0,0
20150407,0.788578,0.833302,0.715785,0.833302,95347,0,0,0
20150408,0.818747,0.843535,0.724638,0.755192,33421,0,0,0
20150409,0.755325,0.762909,0.699283,0.758207,24374,0,0,0
20150410,0.759481,0.864140,0.724072,0.800381,67091,0,0,0
20150411,0.804529,0.855407,0.785581,0.827207,45289,0,0,0
20150412,0.826843,0.831293,0.795958,0.800135,22665,0,0,0
20150413,0.800405,0.801073,0.675923,0.691741,66159,0,0,0
20150414,0.697815,0.700495,0.643041,0.656934,37452,0,0,0
20150415,0.656590,0.690585,0.651108,0.673307,21974,0,0,0
20150416,0.673035,0.687646,0.652904,0.678599,42962,0,0,0
20150417,0.678462,0.684367,0.631058,0.658304,27205,0,0,0
20150418,0.658119,0.720373,0.654586,0.694249,39375,0,0,0
20150419,0.692310,0.696105,0.662209,0.662209,15323,0,0,0
20150420,0.662429,0.684350,0.649855,0.678942,28005,0,0,0
20150421,0.681760,0.681760,0.583367,0.632725,101360,0,0,0
20150422,0.631823,0.633604,0.575792,0.576331,29956,0,0,0
20150423,0.576870,0.614022,0.556235,0.603233,45474,0,0,0
20150424,0.596757,0.605090,0.568030,0.569937,18883,0,0,0
20150425,0.572382,0.585438,0.514305,0.564740,77248,0,0,0
20150426,0.563681,0.567488,0.531613,0.556385,19954,0,0,0
20150427,0.556476,0.573146,0.529841,0.566088,26268,0,0,0
20150428,0.566098,0.572987,0.445988,0.479310,97890,0,0,0
20150429,0.484513,0.502058,0.447521,0.491526,29029,0,0,0
20150430,0.492440,0.526620,0.462531,0.501179,29589,0,0,0
20150501,0.502925,0.527520,0.492795,0.499998,13570,0,0,0
20150502,0.500167,0.509485,0.484577,0.497577,12363,0,0,0
20150503,0.495055,0.513322,0.491903,0.499079,13646,0,0,0
20150504,0.498803,0.503922,0.467321,0.467889,19414,0,0,0
20150505,0.468268,0.482659,0.447593,0.471166,22379,0,0,0
20150506,0.471263,0.480915,0.445022,0.458257,29928,0,0,0
20150507,0.458921,0.486493,0.455222,0.473934,29403,0,0,0
20150508,0.474257,0.499916,0.471741,0.490568,13967,0,0,0
20150509,0.491100,0.537699,0.479652,0.513693,33579,0,0,0
20150510,0.515070,0.574016,0.498172,0.565103,25842,0,0,0
20150511,0.561128,0.567210,0.495461,0.511342,40270,0,0,0
20150512,0.513022,0.515426,0.477435,0.477612,27612,0,0,0
20150513,0.476743,0.523206,0.475371,0.483207,22340,0,0,0
20150514,0.482900,0.511704,0.475443,0.495548,24386,0,0,0
20150515,0.495878,0.569368,0.495756,0.544965,36937,0,0,0
20150516,0.546561,0.623946,0.534678,0.595673,48492,0,0,0
20150517,0.597889,0.624824,0.546362,0.557216,38552,0,0,0
20150518,0.558933,0.597701,0.517159,0.535773,66440,0,0,0
20150519,0.534982,0.550374,0.495834,0.514660,64157,0,0,0
20150520,0.514940,0.552889,0.492917,0.492917,62290,0,0,0
20150521,0.512711,0.535783,0.440916,0.462956,110387,0,0,0
20150522,0.467157,0.477355,0.421431,0.460764,52852,0,0,0
20150523,0.458930,0.491955,0.458416,0.470987,28017,0,0,0
20150524,0.470752,0.483848,0.467902,0.479603,12799,0,0,0
20150525,0.479449,0.483379,0.461720,0.463606,28042,0,0,0
20150526,0.463670,0.470530,0.434143,0.446883,32411,0,0,0
20150527,0.448145,0.448145,0.415162,0.421971,44220,0,0,0
20150528,0.425935,0.453363,0.421284,0.443637,29630,0,0,0
20150529,0.444393,0.460195,0.439708,0.439872,29580,0,0,0
20150530,0.441193,0.447659,0.429383,0.445107,16705,0,0,0
20150531,0.446073,0.482621,0.442069,0.450889,44096,0,0,0
20150601,0.451224,0.467436,0.446990,0.451619,21924,0,0,0
20150602,0.454769,0.465194,0.443201,0.455539,42022,0,0,0
20150603,0.454506,0.468198,0.452353,0.453476,20468,0,0,0
20150604,0.453636,0.484314,0.451858,0.476494,27086,0,0,0
20150605,0.476499,0.505126,0.469603,0.498892,33178,0,0,0
20150606,0.504834,0.531513,0.494784,0.526428,61552,0,0,0
20150607,0.526472,0.534333,0.495418,0.517933,60901,0,0,0
20150608,0.515774,0.552648,0.504766,0.542956,60437,0,0,0
20150609,0.543491,0.548059,0.452515,0.495991,84617,0,0,0
20150610,0.493943,0.497465,0.473942,0.479738,18563,0,0,0
20150611,0.479596,0.491135,0.458411,0.462852,39601,0,0,0
20150612,0.461866,0.496143,0.456475,0.470966,37697,0,0,0
20150613,0.470766,0.489714,0.459585,0.489472,38193,0,0,0
20150614,0.487891,0.496882,0.474605,0.494970,25286,0,0,0
20150615,0.495178,0.515440,0.493206,0.508224,27100,0,0,0
20150616,0.505134,0.515859,0.489906,0.506086,47599,0,0,0
20150617,0.507717,0.523661,0.493578,0.503340,35110,0,0,0
20150618,0.502986,0.506237,0.488550,0.503880,18521,0,0,0
20150619,0.503972,0.539115,0.495827,0.511796,36206,0,0,0
20150620,0.514188,0.546906,0.503838,0.537980,46906,0,0,0
20150621,0.537554,0.542974,0.520188,0.523274,20026,0,0,0
20150622,0.526186,0.540942,0.519536,0.540599,24145,0,0,0
20150623,0.540583,0.541280,0.518084,0.526921,34151,0,0,0
20150624,0.526948,0.531123,0.502254,0.506506,30722,0,0,0
20150625,0.509393,0.517542,0.497704,0.503678,20286,0,0,0
20150626,0.503591,0.503591,0.477839,0.484247,27929,0,0,0
20150627,0.483322,0.503799,0.475463,0.491951,25068,0,0,0
20150628,0.489918,0.496296,0.446696,0.470636,35450,0,0,0
20150629,0.469706,0.506616,0.454029,0.493447,38116,0,0,0
20150630,0.493517,0.507952,0.482220,0.500266,20586,0,0,0
20150701,0.499344,0.507624,0.485761,0.498848,16986,0,0,0
20150702,0.498977,0.506656,0.473017,0.492605,23017,0,0,0
20150703,0.492674,0.499110,0.483622,0.491196,19161,0,0,0
20150704,0.492272,0.508582,0.487245,0.507361,9823,0,0,0
20150705,0.506999,0.528074,0.499398,0.521969,21263,0,0,0
20150706,0.522178,0.524661,0.497707,0.505507,33776,0,0,0
20150707,0.507229,0.513460,0.494695,0.512376,15739,0,0,0
20150708,0.511410,0.523209,0.501646,0.513990,19413,0,0,0
20150709,0.514289,0.516238,0.482391,0.497226,32530,0,0,0
20150710,0.486300,0.555355,0.484886,0.520876,31812,0,0,0
20150711,0.520567,0.548013,0.517228,0.539175,18728,0,0,0
20150712,0.539135,0.645760,0.539135,0.628094,66012,0,0,0
20150713,0.631493,0.635161,0.545211,0.572132,17500,0,0,0
20150714,0.571649,0.581572,0.550451,0.570033,13521,0,0,0
20150715,0.562987,0.577868,0.540471,0.541855,20021,0,0,0
20150716,0.541435,0.558581,0.514705,0.536325,13229,0,0,0
20150717,0.536343,0.537956,0.507398,0.535182,10526,0,0,0
20150718,0.535249,0.546805,0.516350,0.523595,15685,0,0,0
20150719,0.528092,0.542489,0.516080,0.537989,15024,0,0,0
20150720,0.538906,0.547709,0.529836,0.547709,22420,0,0,0
20150721,0.549014,0.597732,0.546039,0.587578,44363,0,0,0
20150722,0.586897,0.590094,0.554770,0.573420,28612,0,0,0
20150723,0.573298,0.588953,0.558372,0.570335,36815,0,0,0
20150724,0.566469,0.584140,0.560192,0.576016,17108,0,0,0
20150725,0.575943,0.585839,0.562108,0.566003,28011,0,0,0
20150726,0.569399,0.602531,0.555629,0.584723,19209,0,0,0
20150727,0.580721,0.611290,0.576175,0.596050,18318,0,0,0
20150728,0.596008,0.617435,0.588746,0.615015,31583,0,0,0
20150729,0.616130,0.616264,0.585366,0.589967,23624,0,0,0
20150730,0.589920,0.589920,0.571276,0.583228,18356,0,0,0
20150731,0.582950,0.583462,0.564961,0.574956,17852,0,0,0
20150801,0.574428,0.591867,0.560702,0.588741,47982,0,0,0
20150802,0.588595,0.624904,0.571623,0.624904,58236,0,0,0
20150803,0.625880,0.626440,0.594341,0.595818,41078,0,0,0
20150804,0.595026,0.620082,0.585550,0.618406,23130,0,0,0
20150805,0.617450,0.622628,0.597039,0.618616,31532,0,0,0
20150806,0.615411,0.746540,0.615411,0.729102,179684,0,0,0
20150807,0.728998,0.750604,0.679179,0.742292,128615,0,0,0
20150808,0.742898,0.744513,0.675775,0.676046,58680,0,0,0
20150809,0.676069,0.696012,0.633000,0.674739,101826,0,0,0
20150810,0.686737,0.698476,0.656262,0.656576,33307,0,0,0
20150811,0.656747,0.657478,0.599139,0.603582,69221,0,0,0
20150812,0.603783,0.651037,0.602168,0.622923,51925,0,0,0
20150813,0.615626,0.634651,0.564244,0.575855,51260,0,0,0
20150814,0.575992,0.614718,0.555077,0.609906,49540,0,0,0
20150815,0.611454,0.634827,0.605944,0.613236,49051,0,0,0
20150816,0.613368,0.674721,0.611529,0.620167,64263,0,0,0
20150817,0.619902,0.626488,0.586213,0.610122,45312,0,0,0
20150818,0.610303,0.620896,0.493284,0.493284,32718,0,0,0
20150819,0.488089,0.545772,0.488089,0.534101,35406,0,0,0
20150820,0.541129,0.617613,0.535015,0.597797,69637,0,0,0
20150821,0.598620,0.613015,0.566985,0.568307,40345,0,0,0
20150822,0.567801,0.573310,0.536860,0.553084,22258,0,0,0
20150823,0.552861,0.556044,0.512382,0.544585,31062,0,0,0
20150824,0.542486,0.553264,0.433056,0.434871,77454,0,0,0
20150825,0.433043,0.495155,0.413889,0.490286,32249,0,0,0
20150826,0.490084,0.519656,0.482042,0.496679,18296,0,0,0
20150827,0.495994,0.499538,0.459141,0.465475,22233,0,0,0
20150828,0.465286,0.489536,0.450725,0.481627,24895,0,0,0
20150829,0.476754,0.487442,0.462900,0.476550,30004,0,0,0
20150830,0.476522,0.481059,0.455379,0.459009,19851,0,0,0
20150831,0.465863,0.480005,0.456943,0.467238,20464,0,0,0
20150901,0.467261,0.470225,0.455776,0.458517,13804,0,0,0
20150902,0.457513,0.472726,0.453460,0.468083,17633,0,0,0
20150903,0.468598,0.474624,0.458676,0.459290,26802,0,0,0
20150904,0.459605,0.474420,0.455117,0.467874,19213,0,0,0
20150905,0.470903,0.482948,0.465358,0.481594,25003,0,0,0
20150906,0.481595,0.507062,0.478950,0.505111,20838,0,0,0
20150907,0.505125,0.508743,0.491372,0.499452,14904,0,0,0
20150908,0.498696,0.519969,0.496269,0.517402,23332,0,0,0
20150909,0.517122,0.532130,0.495952,0.506011,46479,0,0,0
20150910,0.506263,0.517275,0.492157,0.497247,19215,0,0,0
20150911,0.497159,0.506059,0.489671,0.495325,25292,0,0,0
20150912,0.495145,0.495145,0.459555,0.465473,21998,0,0,0
20150913,0.464892,0.476977,0.451275,0.462865,18133,0,0,0
20150914,0.458575,0.506924,0.451980,0.482289,61609,0,0,0
20150915,0.483566,0.569801,0.478813,0.502379,40322,0,0,0
20150916,0.502213,0.510922,0.478238,0.509974,42561,0,0,0
20150917,0.510042,0.521257,0.478933,0.494782,63098,0,0,0
20150918,0.494870,0.504580,0.482009,0.500440,12727,0,0,0
20150919,0.498444,0.503089,0.491181,0.496418,13090,0,0,0
20150920,0.498473,0.502246,0.479377,0.485971,23345,0,0,0
20150921,0.488108,0.493709,0.478568,0.480452,10323,0,0,0
20150922,0.481006,0.481633,0.459210,0.471829,20004,0,0,0
20150923,0.467306,0.476228,0.452022,0.464606,26708,0,0,0
20150924,0.464555,0.470385,0.456599,0.468678,16085,0,0,0
20150925,0.470271,0.476337,0.442823,0.451515,72674,0,0,0
20150926,0.453607,0.468061,0.441743,0.445105,39062,0,0,0
20150927,0.445040,0.451799,0.436453,0.437710,15986,0,0,0
20150928,0.440906,0.454246,0.436447,0.448998,22851,0,0,0
20150929,0.449097,0.450184,0.430411,0.435817,18912,0,0,0
20150930,0.437495,0.437785,0.350445,0.399882,91652,0,0,0
20151001,0.401044,0.429373,0.394394,0.404696,27172,0,0,0
20151002,0.405273,0.414980,0.394695,0.409897,24588,0,0,0
20151003,0.409377,0.416073,0.404727,0.409928,15752,0,0,0
20151004,0.409750,0.410795,0.399259,0.400312,7905,0,0,0
20151005,0.400232,0.428543,0.382255,0.416151,17443,0,0,0
20151006,0.415127,0.426898,0.407630,0.411378,13031,0,0,0
20151007,0.410812,0.417501,0.392512,0.393186,19953,0,0,0
20151008,0.393370,0.410677,0.387575,0.387872,28191,0,0,0
20151009,0.389521,0.400610,0.379771,0.397329,20221,0,0,0
20151010,0.394552,0.394552,0.384232,0.387789,12722,0,0,0
20151011,0.387736,0.396020,0.376980,0.380724,33411,0,0,0
20151012,0.380350,0.402801,0.379191,0.395317,17245,0,0,0
20151013,0.396510,0.396510,0.382108,0.388015,20881,0,0,0
20151014,0.388551,0.396034,0.382399,0.384266,20717,0,0,0
20151015,0.383465,0.403249,0.382849,0.390841,26749,0,0,0
20151016,0.393517,0.411840,0.379642,0.411511,35622,0,0,0
20151017,0.412300,0.436358,0.410916,0.426942,25424,0,0,0
20151018,0.426104,0.427756,0.406558,0.409797,10726,0,0,0
20151019,0.409815,0.414749,0.383501,0.403212,30649,0,0,0
20151020,0.397011,0.400255,0.376777,0.399646,36344,0,0,0
20151021,0.400869,0.400869,0.381960,0.394597,21249,0,0,0
20151022,0.394789,0.403582,0.384388,0.403236,14927,0,0,0
20151023,0.403452,0.405415,0.390979,0.393922,23478,0,0,0
20151024,0.391922,0.398093,0.380405,0.395808,21783,0,0,0
20151025,0.395660,0.424338,0.385677,0.407067,28219,0,0,0
20151026,0.407862,0.409649,0.377313,0.387960,20914,0,0,0
20151027,0.390942,0.412288,0.383613,0.409574,23061,0,0,0
20151028,0.410770,0.449257,0.401033,0.448829,41102,0,0,0
20151029,0.447411,0.461054,0.421973,0.447103,45553,0,0,0
20151030,0.447587,0.476094,0.389679,0.456442,66360,0,0,0
20151031,0.452474,0.459883,0.397492,0.404538,19924,0,0,0
20151101,0.402422,0.434974,0.402422,0.423505,27614,0,0,0
20151102,0.423200,0.445866,0.408869,0.442886,45683,0,0,0
20151103,0.443038,0.473188,0.418063,0.442707,71241,0,0,0
20151104,0.446854,0.577542,0.442558,0.505869,81510,0,0,0
20151105,0.502058,0.512523,0.424480,0.432530,18894,0,0,0
20151106,0.434111,0.460322,0.400474,0.439195,17578,0,0,0
20151107,0.439904,0.462344,0.435360,0.452638,15748,0,0,0
20151108,0.452099,0.559047,0.440685,0.497654,50506,0,0,0
20151109,0.499060,0.503041,0.463946,0.472776,33642,0,0,0
20151110,0.471436,0.503834,0.448403,0.460954,30024,0,0,0
20151111,0.457574,0.464213,0.411360,0.450299,39549,0,0,0
20151112,0.450587,0.464221,0.412313,0.443275,46397,0,0,0
20151113,0.442413,0.466205,0.420078,0.452619,25508,0,0,0
20151114,0.449764,0.457954,0.418860,0.424853,22033,0,0,0
20151115,0.425155,0.438183,0.406889,0.430810,23747,0,0,0
20151116,0.430657,0.440980,0.414873,0.435954,15841,0,0,0
20151117,0.436079,0.448905,0.421571,0.428999,11601,0,0,0
20151118,0.432350,0.433141,0.408752,0.415567,19508,0,0,0
20151119,0.415762,0.420251,0.395156,0.407052,23986,0,0,0
20151120,0.403695,0.406138,0.379315,0.389316,9764,0,0,0
20151121,0.390449,0.408989,0.375678,0.391906,29577,0,0,0
20151122,0.391161,0.396945,0.378655,0.395824,8345,0,0,0
20151123,0.396207,0.396207,0.377029,0.391113,7900,0,0,0
20151124,0.390972,0.398646,0.374851,0.390148,13449,0,0,0
20151125,0.391612,0.394932,0.371908,0.387684,18839,0,0,0
20151126,0.387136,0.421036,0.375184,0.404663,29751,0,0,0
20151127,0.401079,0.410845,0.370903,0.386268,30668,0,0,0
20151128,0.385953,0.396764,0.379471,0.392040,14046,0,0,0
20151129,0.392537,0.407767,0.383381,0.401147,14276,0,0,0
20151130,0.401331,0.428038,0.374931,0.395225,30652,0,0,0
20151201,0.393141,0.414991,0.363408,0.376028,20746,0,0,0
20151202,0.376133,0.387212,0.360591,0.368688,15544,0,0,0
20151203,0.368825,0.389666,0.362636,0.366891,19257,0,0,0
20151204,0.370545,0.385908,0.361464,0.370805,22222,0,0,0
20151205,0.371867,0.461083,0.367797,0.451304,61840,0,0,0
20151206,0.441376,0.472206,0.423569,0.439947,43779,0,0,0
20151207,0.428331,0.448007,0.413978,0.421295,29885,0,0,0
20151208,0.421141,0.433819,0.395307,0.429360,40491,0,0,0
20151209,0.431950,0.465338,0.425805,0.452073,35438,0,0,0
20151210,0.450669,0.456122,0.416312,0.431434,22548,0,0,0
20151211,0.430741,0.465265,0.430741,0.458294,19202,0,0,0
20151212,0.459582,0.481152,0.424192,0.455326,17071,0,0,0
20151213,0.455545,0.469722,0.445625,0.465171,28983,0,0,0
20151214,0.474014,0.564516,0.463613,0.534761,98330,0,0,0
20151215,0.536327,0.561471,0.521320,0.556358,38572,0,0,0
20151216,0.555805,0.556907,0.515000,0.518993,27338,0,0,0
20151217,0.519080,0.532793,0.495784,0.501231,19565,0,0,0
20151218,0.500976,0.510883,0.491797,0.499438,18904,0,0,0
20151219,0.499377,0.500674,0.469805,0.471013,23387,0,0,0
20151220,0.472986,0.514500,0.453287,0.507456,43384,0,0,0
20151221,0.505214,0.515024,0.450852,0.488745,56810,0,0,0
20151222,0.488346,0.507606,0.457085,0.480099,25924,0,0,0
20151223,0.478893,0.499558,0.467131,0.482244,36501,0,0,0
20151224,0.480936,0.493704,0.474434,0.490058,23611,0,0,0
20151225,0.489532,0.496537,0.482095,0.484163,9978,0,0,0
20151226,0.488908,0.494685,0.436318,0.446716,16968,0,0,0
20151227,0.448906,0.466400,0.440986,0.451554,16567,0,0,0
20151228,0.452179,0.459890,0.443942,0.446928,14727,0,0,0
20151229,0.446724,0.470286,0.441525,0.456160,14980,0,0,0
20151230,0.456351,0.471401,0.437645,0.441028,34389,0,0,0
20151231,0.441443,0.473527,0.438939,0.470402,27510,0,0,0
20160101,0.470707,0.556793,0.465202,0.497867,88914,0,0,0
20160102,0.498302,0.564373,0.498302,0.532668,64901,0,0,0
20160103,0.532842,0.540589,0.490855,0.500312,43237,0,0,0
20160104,0.506154,0.528551,0.498989,0.517388,29381,0,0,0
20160105,0.517417,0.542459,0.494788,0.499272,30449,0,0,0
20160106,0.499220,0.516756,0.495520,0.505053,19057,0,0,0
20160107,0.503148,0.519682,0.478614,0.492529,47307,0,0,0
20160108,0.490154,0.505359,0.484898,0.488417,19424,0,0,0
20160109,0.485166,0.513370,0.485019,0.490135,29526,0,0,0
20160110,0.489759,0.523419,0.477837,0.488578,31087,0,0,0
20160111,0.491365,0.497664,0.475990,0.482049,22051,0,0,0
20160112,0.481367,0.508041,0.470785,0.490113,51116,0,0,0
20160113,0.485822,0.489039,0.456484,0.484302,43051,0,0,0
20160114,0.485144,0.496792,0.473786,0.486483,34524,0,0,0
20160115,0.485673,0.489764,0.428456,0.428456,43534,0,0,0
20160116,0.426969,0.501106,0.426614,0.496668,38893,0,0,0
20160117,0.499139,0.509040,0.435545,0.450774,61136,0,0,0
20160118,0.447013,0.508079,0.444039,0.502346,65860,0,0,0
20160119,0.505234,0.547589,0.499941,0.545904,91400,0,0,0
20160120,0.543377,0.572267,0.515125,0.535095,120678,0,0,0
20160121,0.531672,0.572390,0.519337,0.549362,65915,0,0,0
20160122,0.551754,0.555050,0.511548,0.536995,66462,0,0,0
20160123,0.536673,0.649985,0.515369,0.616020,187212,0,0,0
20160124,0.616407,0.651889,0.590431,0.622050,145260,0,0,0
20160125,0.626776,0.626776,0.563546,0.581354,74134,0,0,0
20160126,0.582868,0.644975,0.573788,0.584982,85768,0,0,0
20160127,0.584655,0.622019,0.565625,0.610870,122466,0,0,0
20160128,0.610622,0.627402,0.559235,0.563129,50054,0,0,0
20160129,0.564969,0.564969,0.484859,0.518250,82072,0,0,0
20160130,0.516054,0.522529,0.487912,0.511528,40357,0,0,0
20160131,0.511871,0.518856,0.482378,0.483429,43787,0,0,0
20160201,0.486532,0.508789,0.483038,0.497962,42354,0,0,0
20160202,0.503276,0.507891,0.491114,0.501037,20583,0,0,0
20160203,0.501236,0.501540,0.486799,0.491974,26092,0,0,0
20160204,0.494891,0.518876,0.491945,0.507164,31220,0,0,0
20160205,0.506717,0.513125,0.484886,0.496352,49762,0,0,0
20160206,0.493660,0.494883,0.469674,0.480421,35794,0,0,0
20160207,0.484194,0.504286,0.471624,0.479407,53520,0,0,0
20160208,0.478246,0.502676,0.478246,0.481636,30834,0,0,0
20160209,0.481638,0.484413,0.463913,0.464850,39705,0,0,0
20160210,0.464797,0.483992,0.456572,0.480424,52572,0,0,0
20160211,0.479195,0.595656,0.477212,0.516381,227183,0,0,0
20160212,0.517753,0.617738,0.510167,0.612499,173507,0,0,0
20160213,0.605330,0.903807,0.603464,0.804311,1044850,0,0,0
20160214,0.805152,0.852597,0.680174,0.846403,564309,0,0,0
20160215,0.826702,0.851612,0.738173,0.791647,450366,0,0,0
20160216,0.791869,1.00,0.770798,0.935744,846371,0,0,0
20160217,0.952018,0.954261,0.711905,0.733156,623116,0,0,0
20160218,0.732115,0.793629,0.693414,0.774533,220495,0,0,0
20160219,0.774915,0.852190,0.731723,0.819088,199937,0,0,0
20160220,0.828511,0.883552,0.788912,0.824465,308919,0,0,0
20160221,0.822279,0.831479,0.739073,0.782148,180109,0,0,0
20160222,0.779640,0.826471,0.757781,0.778030,131583,0,0,0
20160223,0.780228,0.794417,0.733614,0.756528,81027,0,0,0
20160224,0.757318,0.801767,0.746250,0.801251,121771,0,0,0
20160225,0.806463,0.887144,0.784579,0.806427,234953,0,0,0
20160226,0.806193,0.824461,0.791316,0.813595,75396,0,0,0
20160227,0.820387,0.859694,0.806601,0.829700,101882,0,0,0
20160228,0.828838,0.888928,0.803117,0.870485,145400,0,0,0
20160229,0.870271,0.890505,0.848024,0.870503,136190,0,0,0
20160301,0.870027,0.889621,0.819532,0.847996,204620,0,0,0
20160302,0.846396,0.869524,0.820669,0.827633,127689,0,0,0
20160303,0.823845,1.14,0.817970,1.09,782236,0,0,0
20160304,1.09,1.25,1.04,1.10,822636,0,0,0
20160305,1.10,1.37,1.10,1.20,1150340,0,0,0
20160306,1.20,1.26,1.05,1.20,912620,0,0,0
20160307,1.21,1.22,0.999920,1.07,514730,0,0,0
20160308,1.08,1.19,1.02,1.19,339627,0,0,0
20160309,1.19,1.32,1.10,1.24,826080,0,0,0
20160310,1.25,1.31,1.07,1.09,437740,0,0,0
20160311,1.10,1.14,1.08,1.10,134947,0,0,0
20160312,1.10,1.19,1.06,1.15,332215,0,0,0
20160313,1.15,1.25,1.13,1.24,276132,0,0,0
20160314,1.24,1.24,1.11,1.12,195842,0,0,0
20160315,1.12,1.18,1.10,1.14,221688,0,0,0
20160316,1.14,1.20,1.12,1.15,156281,0,0,0
20160317,1.15,1.34,1.05,1.30,510610,0,0,0
20160318,1.31,1.33,1.11,1.15,408786,0,0,0
20160319,1.15,1.26,1.13,1.21,273033,0,0,0
20160320,1.20,1.53,1.20,1.52,979776,0,0,0
20160321,1.52,1.54,1.36,1.49,819654,0,0,0
20160322,1.48,1.53,1.34,1.39,601296,0,0,0
20160323,1.35,1.46,1.34,1.45,439967,0,0,0
20160324,1.45,1.73,1.39,1.70,1231660,0,0,0
20160325,1.69,1.75,1.58,1.60,742739,0,0,0
20160326,1.60,1.73,1.58,1.70,505566,0,0,0
20160327,1.69,1.72,1.43,1.53,981701,0,0,0
20160328,1.53,1.56,1.40,1.49,591183,0,0,0
20160329,1.49,1.53,1.46,1.49,324528,0,0,0
20160330,1.48,1.52,1.41,1.45,324062,0,0,0
20160331,1.44,1.46,1.39,1.40,197875,0,0,0
20160401,1.41,1.48,1.41,1.46,353597,0,0,0
20160402,1.46,1.57,1.46,1.55,438901,0,0,0
20160403,1.53,1.58,1.48,1.54,255047,0,0,0
20160404,1.55,1.60,1.50,1.60,296207,0,0,0
20160405,1.58,1.58,1.45,1.52,404485,0,0,0
20160406,1.52,1.57,1.46,1.51,253803,0,0,0
20160407,1.51,1.57,1.50,1.50,293003,0,0,0
20160408,1.51,1.54,1.14,1.24,535958,0,0,0
20160409,1.26,1.37,1.13,1.13,937009,0,0,0
20160410,1.14,1.17,0.921744,1.10,1270300,0,0,0
20160411,1.12,1.13,0.986046,1.02,307904,0,0,0
20160412,1.02,1.03,0.875678,0.955986,607158,0,0,0
20160413,0.944542,1.07,0.922155,1.03,411783,0,0,0
20160414,1.03,1.06,0.976168,1.01,199039,0,0,0
20160415,1.01,1.02,0.954306,0.990145,366008,0,0,0
20160416,0.990496,0.997399,0.947430,0.977983,111910,0,0,0
20160417,0.978342,1.08,0.969814,1.04,306365,0,0,0
20160418,1.04,1.12,1.02,1.11,294792,0,0,0
20160419,1.11,1.16,1.10,1.11,279257,0,0,0
20160420,1.11,1.12,1.00,1.06,317076,0,0,0
20160421,1.06,1.07,0.946187,0.977233,217840,0,0,0
20160422,0.968430,1.01,0.951049,0.980429,142996,0,0,0
20160423,0.977764,1.05,0.977764,1.04,111624,0,0,0
20160424,1.03,1.04,0.987257,1.01,117386,0,0,0
20160425,1.02,1.04,0.942687,0.953362,209133,0,0,0
20160426,0.962278,0.995101,0.844770,0.884295,339835,0,0,0
20160427,0.894009,0.976240,0.860762,0.941531,300067,0,0,0
20160428,0.943459,0.953414,0.882325,0.904794,98147,0,0,0
20160429,0.904687,0.934122,0.872672,0.883684,101368,0,0,0
20160430,0.883464,0.970719,0.883464,0.916537,127183,0,0,0
20160501,0.916798,0.945897,0.894976,0.914293,64193,0,0,0
20160502,0.911209,1.00,0.895719,0.964395,212997,0,0,0
20160503,0.963722,0.977479,0.908237,0.908237,103842,0,0,0
20160504,0.917480,0.950575,0.899844,0.916455,102053,0,0,0
20160505,0.916448,0.922198,0.879480,0.906841,76568,0,0,0
20160506,0.906994,0.919050,0.868383,0.877466,71046,0,0,0
20160507,0.877036,0.884583,0.832369,0.880058,110546,0,0,0
20160508,0.880503,0.897977,0.835346,0.850586,76975,0,0,0
20160509,0.848722,0.867028,0.814215,0.825393,91542,0,0,0
20160510,0.825951,0.875618,0.812145,0.829463,134752,0,0,0
20160511,0.828834,0.869361,0.827390,0.859710,51107,0,0,0
20160512,0.859854,0.887074,0.844275,0.875668,88976,0,0,0
20160513,0.875739,0.883328,0.841779,0.847763,66386,0,0,0
20160514,0.847938,0.859677,0.824663,0.838895,27725,0,0,0
20160515,0.838644,0.856903,0.806740,0.823823,56531,0,0,0
20160516,0.826412,0.850339,0.806073,0.818356,107300,0,0,0
20160517,0.818318,0.854000,0.806392,0.813343,125123,0,0,0
20160518,0.813099,0.878206,0.800627,0.840542,214210,0,0,0
20160519,0.840467,0.868031,0.828803,0.853595,139069,0,0,0
20160520,0.858781,0.986409,0.852128,0.942222,314964,0,0,0
20160521,0.940434,1.00,0.934302,0.975433,115767,0,0,0
20160522,0.975337,0.985725,0.920184,0.938764,194865,0,0,0
20160523,0.938519,0.959660,0.904732,0.914730,120334,0,0,0
20160524,0.914471,0.992032,0.901127,0.901127,220308,0,0,0
20160525,0.899239,0.918087,0.864997,0.865887,87610,0,0,0
20160526,0.865867,0.909060,0.842439,0.860175,100025,0,0,0
20160527,0.860189,0.874443,0.830595,0.859091,151612,0,0,0
20160528,0.861864,0.921455,0.846382,0.919737,174774,0,0,0
20160529,0.928311,0.956759,0.856513,0.881719,188141,0,0,0
20160530,0.880528,0.919046,0.876059,0.910537,66482,0,0,0
20160531,0.909725,0.969137,0.901513,0.928747,156718,0,0,0
20160601,0.934166,0.950454,0.873635,0.914871,105338,0,0,0
20160602,0.913437,0.933852,0.907306,0.926680,39987,0,0,0
20160603,0.926588,0.958702,0.924081,0.945202,74145,0,0,0
20160604,0.940914,0.991519,0.940438,0.974353,91404,0,0,0
20160605,0.973615,1.01,0.960302,1.00,87680,0,0,0
20160606,1.01,1.05,0.987163,1.01,89836,0,0,0
20160607,1.00,1.01,0.958776,1.01,86376,0,0,0
20160608,1.01,1.02,0.971487,0.999952,70837,0,0,0
20160609,0.994472,1.22,0.989995,1.11,483161,0,0,0
20160610,1.11,1.19,1.08,1.15,267163,0,0,0
20160611,1.14,1.18,1.12,1.14,207863,0,0,0
20160612,1.14,1.28,1.11,1.25,285841,0,0,0
20160613,1.25,1.37,1.25,1.28,276844,0,0,0
20160614,1.28,1.41,1.24,1.39,268605,0,0,0
20160615,1.37,1.50,1.33,1.46,334636,0,0,0
20160616,1.47,1.63,1.43,1.58,349747,0,0,0
20160617,1.57,1.79,1.48,1.75,643511,0,0,0
20160618,1.77,2.34,1.77,2.01,2663250,0,0,0
20160619,2.03,2.06,1.81,1.87,663871,0,0,0
20160620,1.86,1.91,1.72,1.83,570846,0,0,0
20160621,1.83,1.87,1.56,1.61,543359,0,0,0
20160622,1.61,1.72,1.49,1.50,376492,0,0,0
20160623,1.49,1.57,1.40,1.56,198638,0,0,0
20160624,1.56,1.66,1.52,1.59,241911,0,0,0
20160625,1.58,1.65,1.51,1.55,168083,0,0,0
20160626,1.56,1.61,1.46,1.48,75189,0,0,0
20160627,1.48,1.49,1.38,1.48,184373,0,0,0
20160628,1.48,1.51,1.43,1.49,173566,0,0,0
20160629,1.49,1.60,1.46,1.55,314944,0,0,0
20160630,1.54,1.61,1.50,1.61,232728,0,0,0
20160701,1.59,1.70,1.58,1.66,148728,0,0,0
20160702,1.66,1.79,1.64,1.75,228270,0,0,0
20160703,1.75,1.85,1.70,1.70,326072,0,0,0
20160704,1.70,1.80,1.66,1.71,151474,0,0,0
20160705,1.71,1.74,1.64,1.73,154989,0,0,0
20160706,1.73,1.98,1.72,1.94,510090,0,0,0
20160707,1.94,2.11,1.82,1.90,1565910,0,0,0
20160708,1.90,2.02,1.86,1.98,433750,0,0,0
20160709,1.99,1.99,1.84,1.96,307833,0,0,0
20160710,1.96,1.96,1.86,1.91,224404,0,0,0
20160711,1.91,2.03,1.89,1.98,213005,0,0,0
20160712,1.98,2.08,1.95,1.99,347642,0,0,0
20160713,1.98,2.00,1.90,1.93,294296,0,0,0
20160714,1.94,2.03,1.93,2.01,172552,0,0,0
20160715,2.01,2.03,1.94,1.99,189098,0,0,0
20160716,2.00,2.02,1.97,1.98,69994,0,0,0
20160717,1.98,2.01,1.95,1.99,167463,0,0,0
20160718,1.99,2.02,1.94,1.95,108747,0,0,0
20160719,1.95,1.96,1.85,1.90,206251,0,0,0
20160720,1.90,1.93,1.73,1.76,368224,0,0,0
20160721,1.77,1.81,1.72,1.74,143002,0,0,0
20160722,1.73,1.85,1.72,1.83,183573,0,0,0
20160723,1.83,1.91,1.81,1.89,132721,0,0,0
20160724,1.90,1.94,1.83,1.88,161485,0,0,0
20160725,1.86,1.89,1.82,1.85,94316,0,0,0
20160726,1.85,1.86,1.70,1.83,268872,0,0,0
20160727,1.83,1.95,1.76,1.94,257870,0,0,0
20160728,1.94,1.95,1.83,1.85,190937,0,0,0
20160729,1.85,1.95,1.82,1.89,106495,0,0,0
20160730,1.91,1.94,1.87,1.91,71012,0,0,0
20160731,1.91,1.94,1.80,1.82,147277,0,0,0
20160801,1.82,1.83,1.69,1.70,170108,0,0,0
20160802,1.70,1.74,1.43,1.49,303492,0,0,0
20160803,1.49,1.65,1.47,1.57,190375,0,0,0
20160804,1.57,1.90,1.57,1.85,497557,0,0,0
20160805,1.85,1.86,1.77,1.79,134743,0,0,0
20160806,1.79,1.93,1.74,1.88,268046,0,0,0
20160807,1.88,2.00,1.80,1.90,268531,0,0,0
20160808,1.90,1.99,1.84,1.90,199176,0,0,0
20160809,1.90,2.05,1.89,2.05,245059,0,0,0
20160810,2.05,2.05,1.95,2.01,210706,0,0,0
20160811,2.02,2.05,1.90,1.98,129604,0,0,0
20160812,1.98,1.99,1.89,1.95,122922,0,0,0
20160813,1.95,2.02,1.93,1.98,123245,0,0,0
20160814,1.98,2.09,1.88,2.01,396280,0,0,0
20160815,2.01,2.20,1.98,2.18,849798,0,0,0
20160816,2.18,2.27,2.08,2.20,760398,0,0,0
20160817,2.20,2.29,2.13,2.24,449444,0,0,0
20160818,2.24,2.26,2.15,2.19,381203,0,0,0
20160819,2.19,2.34,2.18,2.30,313760,0,0,0
20160820,2.30,2.55,2.28,2.44,1869560,0,0,0
20160821,2.44,2.60,2.40,2.54,790717,0,0,0
20160822,2.53,5.23,2.53,3.99,18149400,0,0,0
20160823,4.03,5.32,4.00,4.72,21058200,0,0,0
20160824,4.66,5.07,4.36,4.42,6796020,0,0,0
20160825,4.46,4.51,3.73,4.15,7337870,0,0,0
20160826,4.13,4.62,4.09,4.18,6023340,0,0,0
20160827,4.25,5.30,4.21,5.30,8004280,0,0,0
20160828,5.30,9.51,5.09,9.51,49325800,0,0,0
20160829,9.35,10.69,8.07,8.50,46191400,0,0,0
20160830,8.49,9.17,7.95,8.49,15534600,0,0,0
20160831,8.51,8.86,7.49,8.58,20057400,0,0,0
20160901,8.52,8.84,7.85,8.00,12152000,0,0,0
20160902,7.97,10.61,7.82,10.21,27999500,0,0,0
20160903,10.19,15.04,9.90,10.59,66593800,0,0,0
20160904,11.13,13.87,10.41,13.39,31169900,0,0,0
20160905,13.57,14.26,12.58,13.96,24043200,0,0,0
20160906,13.84,14.19,11.99,12.46,25356900,0,0,0
20160907,12.44,12.88,11.10,11.83,20446100,0,0,0
20160908,11.91,13.00,11.54,12.74,18100000,0,0,0
20160909,12.71,13.63,12.08,12.43,14523800,0,0,0
20160910,12.33,12.58,11.98,12.23,7990970,0,0,0
20160911,12.26,12.41,10.53,10.69,15781800,0,0,0
20160912,10.66,11.01,9.97,10.03,12411600,0,0,0
20160913,10.26,11.36,9.85,10.88,14308800,0,0,0
20160914,10.96,10.96,10.31,10.51,5468580,0,0,0
20160915,10.53,10.53,9.33,9.41,7678600,0,0,0
20160916,9.50,9.83,8.75,8.91,7175750,0,0,0
20160917,8.88,9.82,8.82,9.68,4720550,0,0,0
20160918,9.69,9.78,9.25,9.45,2709710,0,0,0
20160919,9.45,10.85,9.07,10.56,8092940,0,0,0
20160920,10.54,11.69,10.32,11.15,11094000,0,0,0
20160921,11.25,11.25,9.78,9.92,6586410,0,0,0
20160922,9.96,10.59,9.96,10.16,3966670,0,0,0
20160923,10.12,11.01,10.03,10.77,3564780,0,0,0
20160924,10.80,11.03,10.63,10.63,1720410,0,0,0
20160925,10.62,10.70,10.19,10.24,2085390,0,0,0
20160926,10.25,10.36,9.14,9.40,7477270,0,0,0
20160927,9.36,9.60,9.18,9.31,2349090,0,0,0
20160928,9.33,9.50,9.19,9.40,1900470,0,0,0
20160929,9.40,9.41,8.32,8.71,5237580,0,0,0
20160930,8.65,8.66,7.99,8.41,5300920,0,0,0
20161001,8.42,8.42,7.17,7.36,8319930,0,0,0
20161002,7.33,8.48,7.32,8.30,4709360,0,0,0
20161003,8.31,8.55,7.82,7.95,3249380,0,0,0
20161004,7.95,8.12,7.45,7.65,2425600,0,0,0
20161005,7.66,7.66,6.13,6.76,9101390,0,0,0
20161006,6.71,7.29,6.37,7.18,4738590,0,0,0
20161007,7.19,7.67,6.56,6.89,4458730,0,0,0
20161008,6.89,7.18,6.62,6.88,1795650,0,0,0
20161009,6.90,7.69,6.89,7.48,2820040,0,0,0
20161010,7.56,7.59,6.78,6.94,3179780,0,0,0
20161011,6.92,7.74,6.60,7.28,5966020,0,0,0
20161012,7.28,7.62,7.17,7.31,2034800,0,0,0
20161013,7.28,7.31,6.78,6.91,2079340,0,0,0
20161014,6.94,7.18,6.83,6.92,1682900,0,0,0
20161015,6.92,6.93,6.45,6.56,1709700,0,0,0
20161016,6.57,6.63,6.12,6.38,2548440,0,0,0
20161017,6.39,6.41,5.70,6.28,3659990,0,0,0
20161018,6.29,6.79,6.08,6.57,2342430,0,0,0
20161019,6.57,7.13,6.49,6.62,2304340,0,0,0
20161020,6.63,7.20,6.48,6.56,2510020,0,0,0
20161021,6.59,6.91,6.43,6.78,1960270,0,0,0
20161022,6.79,6.81,6.24,6.52,2274680,0,0,0
20161023,6.52,6.69,6.45,6.51,561283,0,0,0
20161024,6.51,6.61,6.41,6.42,628370,0,0,0
20161025,6.42,6.43,5.77,6.09,2973160,0,0,0
20161026,6.09,6.21,5.82,6.17,1630120,0,0,0
20161027,6.17,6.38,5.99,6.21,2043670,0,0,0
20161028,6.22,6.35,5.63,5.73,3034820,0,0,0
20161029,5.72,5.84,4.28,5.14,10900200,0,0,0
20161030,5.14,5.70,4.81,5.57,5648010,0,0,0
20161031,5.54,5.61,4.84,5.12,3111700,0,0,0
20161101,5.10,5.24,4.56,4.71,3841800,0,0,0
20161102,4.73,5.01,4.38,4.51,2473050,0,0,0
20161103,4.54,5.27,4.51,4.89,4438690,0,0,0
20161104,4.86,5.12,4.70,4.85,2611470,0,0,0
20161105,4.83,5.02,4.82,5.02,602968,0,0,0
20161106,4.98,5.03,4.88,4.97,666680,0,0,0
20161107,4.97,5.85,4.92,5.74,3690120,0,0,0
20161108,5.77,6.82,5.72,6.32,9416390,0,0,0
20161109,6.31,6.54,5.58,6.19,8149530,0,0,0
20161110,6.19,6.48,6.01,6.10,3175600,0,0,0
20161111,6.15,6.98,5.89,6.78,4256380,0,0,0
20161112,6.82,7.68,6.63,7.44,7239650,0,0,0
20161113,7.42,8.11,6.97,7.10,8454760,0,0,0
20161114,7.11,8.13,7.09,7.71,5270540,0,0,0
20161115,7.74,7.92,7.20,7.30,3711090,0,0,0
20161116,7.34,7.47,6.12,6.58,9338200,0,0,0
20161117,6.55,6.97,6.22,6.79,4696950,0,0,0
20161118,6.77,7.10,6.53,6.72,3854500,0,0,0
20161119,6.72,6.86,6.46,6.55,2490080,0,0,0
20161120,6.56,6.88,6.43,6.58,3534630,0,0,0
20161121,6.58,6.88,6.56,6.80,1586190,0,0,0
20161122,6.81,8.24,6.78,7.69,9996320,0,0,0
20161123,7.66,8.11,7.56,7.91,4170450,0,0,0
20161124,7.94,8.37,7.58,7.81,5756150,0,0,0
20161125,7.79,7.80,7.33,7.54,2450680,0,0,0
20161126,7.55,7.81,7.40,7.62,1632680,0,0,0
20161127,7.63,8.12,7.59,7.93,2604180,0,0,0
20161128,7.92,8.08,7.78,7.89,1931140,0,0,0
20161129,7.91,7.99,7.48,7.60,2468920,0,0,0
20161130,7.63,9.31,7.21,8.95,11077200,0,0,0
20161201,8.93,9.13,8.36,8.58,5605070,0,0,0
20161202,8.50,8.50,7.92,8.23,6249910,0,0,0
20161203,8.21,8.56,8.09,8.27,2100120,0,0,0
20161204,8.26,8.42,7.80,7.80,2491800,0,0,0
20161205,7.83,8.15,7.68,7.91,2413870,0,0,0
20161206,7.91,7.96,7.16,7.54,3566450,0,0,0
20161207,7.54,8.01,7.32,7.89,1800020,0,0,0
20161208,7.87,8.03,7.73,7.79,1391520,0,0,0
20161209,7.80,8.07,7.79,7.95,1230840,0,0,0
20161210,7.95,8.03,7.67,7.78,954105,0,0,0
20161211,7.77,8.09,7.74,7.91,1511400,0,0,0
20161212,7.91,8.06,7.83,8.05,1037600,0,0,0
20161213,8.07,8.14,7.97,8.11,892392,0,0,0
20161214,8.23,8.59,8.11,8.41,3268750,0,0,0
20161215,8.43,8.55,8.26,8.42,1224190,0,0,0
20161216,8.43,8.54,8.39,8.51,960469,0,0,0
20161217,8.48,8.53,8.25,8.32,1046610,0,0,0
20161218,8.33,8.83,8.31,8.61,2073320,0,0,0
20161219,8.60,8.77,8.39,8.63,1948360,0,0,0
20161220,8.63,8.70,8.39,8.43,2093870,0,0,0
20161221,8.45,8.62,8.26,8.28,2788170,0,0,0
20161222,8.30,9.49,8.30,8.90,4342540,0,0,0
20161223,8.89,9.79,8.89,9.55,4014090,0,0,0
20161224,9.61,9.77,9.48,9.65,1553340,0,0,0
20161225,9.65,9.80,9.49,9.73,2456860,0,0,0
20161226,9.72,10.29,9.70,10.27,2243850,0,0,0
20161227,10.27,13.05,10.25,12.69,10888000,0,0,0
20161228,12.54,14.62,12.20,14.09,13579500,0,0,0
20161229,14.14,14.17,12.46,13.13,8200850,0,0,0
20161230,13.09,13.28,12.26,12.97,3491280,0,0,0
20161231,12.96,13.88,12.80,13.78,4421340,0,0,0
20170101,13.79,14.17,13.42,13.97,3923550,0,0,0
20170102,14.07,16.47,13.84,16.05,12171300,0,0,0
20170103,16.07,17.03,15.00,16.09,16381900,0,0,0
20170104,16.14,18.64,15.83,18.53,10179100,0,0,0
20170105,18.55,19.02,14.86,16.19,8528910,0,0,0
20170106,16.19,16.93,13.58,14.03,9256850,0,0,0
20170107,14.09,14.17,12.37,13.06,9904390,0,0,0
20170108,13.01,13.91,12.86,13.47,3741330,0,0,0
20170109,13.51,13.74,12.66,13.74,4649000,0,0,0
20170110,13.70,14.03,13.34,13.39,3943650,0,0,0
20170111,13.38,13.60,11.18,11.64,4338380,0,0,0
20170112,11.61,12.19,11.10,11.85,2923060,0,0,0
20170113,11.84,11.97,11.07,11.27,6063910,0,0,0
20170114,11.28,11.72,10.96,11.09,3439220,0,0,0
20170115,11.07,11.15,9.92,10.76,7417420,0,0,0
20170116,10.77,10.96,10.29,10.64,3507560,0,0,0
20170117,10.69,12.49,10.56,12.39,4403350,0,0,0
20170118,12.43,12.70,11.57,12.05,4232060,0,0,0
20170119,12.05,12.31,11.68,12.15,3546870,0,0,0
20170120,12.17,12.17,11.75,11.91,3768400,0,0,0
20170121,11.91,12.18,11.84,12.03,2878010,0,0,0
20170122,12.01,12.19,11.81,12.18,2588540,0,0,0
20170123,12.19,12.29,12.05,12.25,2414740,0,0,0
20170124,12.25,12.25,11.79,11.81,3121430,0,0,0
20170125,11.81,11.88,11.54,11.83,1897140,0,0,0
20170126,11.85,12.15,11.73,11.98,2172210,0,0,0
20170127,11.98,12.24,11.67,12.10,4346850,0,0,0
20170128,12.12,13.04,12.07,12.85,6585960,0,0,0
20170129,12.85,13.26,12.55,12.66,3027920,0,0,0
20170130,12.65,12.91,12.64,12.71,2171460,0,0,0
20170131,12.70,13.26,12.70,12.99,8919760,0,0,0
20170201,12.97,13.38,12.93,13.27,2715170,0,0,0
20170202,13.29,13.42,13.05,13.14,2841870,0,0,0
20170203,13.13,13.15,12.15,12.86,5732620,0,0,0
20170204,12.89,13.08,12.47,12.61,3475030,0,0,0
20170205,12.61,12.99,12.61,12.80,2054440,0,0,0
20170206,12.83,12.92,12.59,12.88,2124790,0,0,0
20170207,12.91,13.20,12.53,12.65,3523120,0,0,0
20170208,12.67,12.91,12.54,12.80,2124700,0,0,0
20170209,12.83,12.98,11.83,12.12,4268990,0,0,0
20170210,12.18,12.23,11.73,11.98,2472350,0,0,0
20170211,11.98,12.39,11.98,12.24,2190900,0,0,0
20170212,12.27,12.49,12.00,12.33,2154250,0,0,0
20170213,12.31,12.36,12.09,12.20,1687590,0,0,0
20170214,12.20,13.20,12.11,12.99,4166850,0,0,0
20170215,13.01,13.74,12.88,13.62,4811600,0,0,0
20170216,13.62,13.62,12.91,13.10,3256190,0,0,0
20170217,13.07,13.34,13.04,13.30,1711010,0,0,0
20170218,13.41,13.57,13.09,13.36,1871110,0,0,0
20170219,13.38,13.38,12.99,12.99,1663440,0,0,0
20170220,13.01,13.01,11.46,12.22,8429880,0,0,0
20170221,12.12,12.42,11.92,12.34,4476160,0,0,0
20170222,12.32,12.84,12.12,12.77,2486660,0,0,0
20170223,12.78,12.94,12.57,12.87,2875250,0,0,0
20170224,12.89,12.97,11.35,11.92,8707610,0,0,0
20170225,11.92,12.14,11.68,11.85,3102200,0,0,0
20170226,11.84,12.04,11.68,11.89,2039860,0,0,0
20170227,11.87,12.06,11.83,11.96,1343950,0,0,0
20170228,11.99,12.32,11.51,12.28,4316810,0,0,0
20170301,12.30,12.90,12.13,12.33,6449830,0,0,0
20170302,12.26,13.33,12.10,13.11,7161980,0,0,0
20170303,13.10,14.61,12.86,13.91,7926590,0,0,0
20170304,13.93,14.24,13.37,13.67,2239270,0,0,0
20170305,13.67,15.42,13.66,15.18,5455280,0,0,0
20170306,15.23,15.80,14.84,15.41,6913360,0,0,0
20170307,15.43,15.43,13.53,13.53,5928550,0,0,0
20170308,13.56,13.80,12.47,12.47,4244610,0,0,0
20170309,12.46,13.53,12.39,13.03,3489930,0,0,0
20170310,13.05,13.62,12.35,13.21,10802800,0,0,0
20170311,13.12,14.76,13.01,14.69,6499310,0,0,0
20170312,14.72,17.13,14.45,16.79,17931000,0,0,0
20170313,16.80,19.32,16.69,18.13,19566500,0,0,0
20170314,18.09,18.40,17.11,17.76,10072300,0,0,0
20170315,17.79,19.69,17.35,18.98,12265200,0,0,0
20170316,19.05,22.99,18.77,22.48,31673800,0,0,0
20170317,22.57,26.21,20.16,22.35,36529400,0,0,0
20170318,22.27,22.27,18.60,20.07,16830500,0,0,0
20170319,20.11,24.61,20.11,23.29,22162500,0,0,0
20170320,23.30,24.82,22.44,22.51,10860900,0,0,0
20170321,22.62,23.05,20.68,21.29,18555800,0,0,0
20170322,21.39,22.39,20.77,21.42,9699960,0,0,0
20170323,21.45,22.49,20.64,21.82,7419900,0,0,0
20170324,21.85,22.28,20.86,21.10,13807600,0,0,0
20170325,21.08,21.28,19.88,20.14,10858900,0,0,0
20170326,20.16,20.57,19.29,19.61,7408990,0,0,0
20170327,19.75,20.10,17.71,19.66,11887200,0,0,0
20170328,19.49,20.51,18.17,19.81,10061200,0,0,0
20170329,19.88,21.34,19.28,21.14,6704720,0,0,0
20170330,21.06,21.45,20.25,20.88,5993880,0,0,0
20170331,20.80,21.20,19.84,20.54,6955980,0,0,0
20170401,20.52,21.53,19.23,21.50,7622780,0,0,0
20170402,21.42,21.50,20.02,20.14,7427960,0,0,0
20170403,20.16,21.16,19.94,20.33,7080440,0,0,0
20170404,20.33,21.51,19.87,21.35,7062530,0,0,0
20170405,21.31,21.62,19.58,19.62,9188050,0,0,0
20170406,19.59,19.95,18.33,19.27,11553100,0,0,0
20170407,19.32,20.07,18.95,19.39,5499430,0,0,0
20170408,19.31,21.46,19.00,20.83,6218750,0,0,0
20170409,20.84,21.31,19.75,20.68,5711770,0,0,0
20170410,20.69,22.41,20.52,21.83,6591730,0,0,0
20170411,21.80,21.89,21.12,21.36,5356450,0,0,0
20170412,21.32,22.11,21.25,21.76,6401630,0,0,0
20170413,21.69,22.08,21.44,21.48,5980210,0,0,0
20170414,21.47,21.80,19.67,20.59,8949460,0,0,0
20170415,20.43,21.19,20.25,20.71,4483370,0,0,0
20170416,20.71,20.82,20.25,20.46,4222960,0,0,0
20170417,20.46,20.99,20.32,20.56,6055450,0,0,0
20170418,20.53,21.17,20.45,21.06,4459260,0,0,0
20170419,21.07,21.12,20.23,20.39,5877830,0,0,0
20170420,20.40,20.90,20.24,20.24,6216400,0,0,0
20170421,19.98,20.34,19.75,20.29,6704090,0,0,0
20170422,20.27,20.52,19.97,20.12,5266460,0,0,0
20170423,20.12,20.17,19.68,19.72,4155640,0,0,0
20170424,19.73,20.11,19.51,19.56,4584190,0,0,0
20170425,19.60,20.10,19.36,19.65,5148290,0,0,0
20170426,19.67,19.93,19.24,19.37,6027790,0,0,0
20170427,19.43,21.83,19.27,21.21,12843800,0,0,0
20170428,21.20,22.53,21.12,22.35,10457300,0,0,0
20170429,22.37,23.26,22.12,22.76,10461300,0,0,0
20170430,22.74,24.20,22.72,23.72,10910000,0,0,0
20170501,23.72,24.07,22.23,22.77,14214000,0,0,0
20170502,22.77,23.20,22.06,23.04,7486110,0,0,0
20170503,23.05,25.44,22.72,25.20,12602800,0,0,0
20170504,25.19,26.52,24.87,25.99,13585800,0,0,0
20170505,26.11,30.83,25.93,28.45,24376200,0,0,0
20170506,28.50,29.94,27.94,28.98,14355000,0,0,0
20170507,28.97,34.56,28.77,32.78,31328600,0,0,0
20170508,33.45,33.81,28.58,30.47,25549000,0,0,0
20170509,30.48,31.61,26.61,28.66,21083700,0,0,0
20170510,28.49,30.67,28.11,29.84,12732500,0,0,0
20170511,29.94,30.03,28.73,29.51,9288200,0,0,0
20170512,29.61,30.29,28.30,28.68,8023910,0,0,0
20170513,28.59,28.73,27.22,28.47,7213280,0,0,0
20170514,28.51,29.16,27.79,28.53,7419170,0,0,0
20170515,28.51,28.54,27.32,27.79,8160330,0,0,0
20170516,27.73,27.73,25.96,26.26,9801320,0,0,0
20170517,26.37,27.97,25.28,26.93,10576800,0,0,0
20170518,26.98,31.11,26.98,30.33,15586800,0,0,0
20170519,30.31,31.87,30.28,31.87,10692300,0,0,0
20170520,31.82,36.78,31.27,35.10,23733000,0,0,0
20170521,35.04,36.46,33.35,34.64,10952100,0,0,0
20170522,34.80,41.18,33.27,36.17,28469700,0,0,0
20170523,36.31,56.84,36.30,55.62,68629500,0,0,0
20170524,56.31,58.64,44.04,45.38,95915700,0,0,0
20170525,45.52,50.90,39.50,40.12,52485500,0,0,0
20170526,39.81,44.61,34.84,38.71,24735300,0,0,0
20170527,38.71,40.79,28.69,33.41,20990300,0,0,0
20170528,33.43,39.39,33.43,36.84,19020300,0,0,0
20170529,36.76,43.81,36.06,41.21,31360800,0,0,0
20170530,41.29,45.65,39.66,39.79,23048100,0,0,0
20170531,39.83,43.11,39.23,41.83,15027900,0,0,0
20170601,41.84,45.52,41.84,43.70,12849800,0,0,0
20170602,43.74,44.65,43.00,44.00,9539580,0,0,0
20170603,43.99,44.42,42.16,42.37,9819610,0,0,0
20170604,42.34,43.42,41.70,42.90,9805040,0,0,0
20170605,42.88,48.50,42.88,48.26,16780900,0,0,0
20170606,48.37,55.57,47.12,55.57,34918400,0,0,0
20170607,55.29,62.38,52.06,52.54,50623800,0,0,0
20170608,52.91,56.46,51.45,56.19,14708500,0,0,0
20170609,56.13,57.23,55.29,55.62,11941600,0,0,0
20170610,55.59,56.25,51.92,52.28,14465400,0,0,0
20170611,52.37,58.70,51.95,58.70,15485200,0,0,0
20170612,59.09,59.80,45.78,50.04,25425000,0,0,0
20170613,49.80,52.87,49.73,51.80,13362700,0,0,0
20170614,51.98,53.56,44.37,46.30,12407600,0,0,0
20170615,46.24,47.02,38.75,46.02,14252000,0,0,0
20170616,45.97,48.24,44.17,48.11,8711820,0,0,0
20170617,48.19,51.20,48.09,50.46,15646500,0,0,0
20170618,50.49,51.70,48.98,49.60,10122000,0,0,0
20170619,49.62,50.67,48.52,49.09,12502400,0,0,0
20170620,49.03,50.91,47.60,48.08,15178600,0,0,0
20170621,48.17,48.91,45.54,46.59,12133900,0,0,0
20170622,46.80,47.80,46.64,47.28,7443100,0,0,0
20170623,47.45,52.51,46.75,51.41,11033000,0,0,0
20170624,51.43,51.81,47.30,48.03,7786220,0,0,0
20170625,47.84,48.73,45.28,45.89,9156060,0,0,0
20170626,45.90,48.20,39.39,43.49,17033600,0,0,0
20170627,43.49,44.05,38.51,43.57,12171600,0,0,0
20170628,43.80,47.41,42.29,47.32,10812600,0,0,0
20170629,47.04,47.91,44.67,45.02,11470500,0,0,0
20170630,45.09,45.87,43.48,43.73,11338900,0,0,0
20170701,43.71,43.98,39.80,40.96,10673500,0,0,0
20170702,40.94,43.00,40.22,42.79,12774300,0,0,0
20170703,42.51,44.14,41.82,43.63,13141000,0,0,0
20170704,43.55,45.53,43.55,45.47,14850800,0,0,0
20170705,45.30,46.90,44.13,45.72,15243000,0,0,0
20170706,45.96,50.26,45.88,50.12,23168300,0,0,0
20170707,50.11,50.65,43.84,44.25,20324700,0,0,0
20170708,44.17,46.24,41.90,46.10,15801900,0,0,0
20170709,46.69,47.00,44.56,44.85,12681200,0,0,0
20170710,44.91,45.12,38.84,40.01,14633300,0,0,0
20170711,40.25,40.73,35.34,37.14,17988200,0,0,0
20170712,36.89,40.75,35.51,40.39,15785600,0,0,0
20170713,40.43,40.74,37.20,38.23,9969180,0,0,0
20170714,38.08,38.33,34.22,35.48,9558140,0,0,0
20170715,35.57,35.57,31.37,32.09,9718770,0,0,0
20170716,31.97,32.53,28.83,29.43,12434100,0,0,0
20170717,29.47,34.98,29.46,34.83,13708900,0,0,0
20170718,34.89,37.92,33.38,36.38,9949120,0,0,0
20170719,36.47,37.59,34.37,35.06,6994230,0,0,0
20170720,34.89,41.01,34.89,40.30,14905700,0,0,0
20170721,40.55,41.43,39.53,40.34,9572580,0,0,0
20170722,40.25,44.76,40.15,44.71,9028920,0,0,0
20170723,44.64,44.78,41.44,42.67,8634060,0,0,0
20170724,42.66,45.76,41.86,45.58,12102100,0,0,0
20170725,45.55,45.84,38.24,40.68,12706300,0,0,0
20170726,40.73,46.44,38.60,45.80,26033100,0,0,0
20170727,45.92,46.74,43.93,45.24,15960700,0,0,0
20170728,45.29,45.79,42.74,43.96,18694500,0,0,0
20170729,43.69,44.37,42.19,43.89,7053810,0,0,0
20170730,43.95,43.95,39.55,39.62,11709500,0,0,0
20170731,39.67,40.68,38.94,39.84,13138500,0,0,0
20170801,39.88,45.04,39.81,44.15,17363300,0,0,0
20170802,44.08,44.78,42.78,43.63,8111580,0,0,0
20170803,43.80,44.31,43.23,43.36,8262040,0,0,0
20170804,43.36,45.32,42.97,45.12,7794340,0,0,0
20170805,45.18,49.49,45.18,48.58,12131400,0,0,0
20170806,48.57,49.18,47.36,47.83,8254240,0,0,0
20170807,47.67,50.21,47.24,50.21,12794900,0,0,0
20170808,50.40,52.64,49.93,51.94,12471600,0,0,0
20170809,51.94,53.34,49.74,50.96,11466600,0,0,0
20170810,50.94,51.29,49.47,49.47,9147740,0,0,0
20170811,49.31,51.56,48.93,50.65,8534390,0,0,0
20170812,50.85,51.57,46.34,49.37,17349200,0,0,0
20170813,49.38,50.15,45.46,47.76,19587800,0,0,0
20170814,47.69,49.75,46.63,49.75,14023000,0,0,0
20170815,49.97,50.16,45.72,48.74,13651100,0,0,0
20170816,48.77,49.09,47.03,48.78,12423400,0,0,0
20170817,48.82,49.46,47.05,47.45,11176000,0,0,0
20170818,47.37,48.93,46.22,46.69,14517200,0,0,0
20170819,46.97,58.03,46.97,55.96,27038800,0,0,0
20170820,55.79,56.05,51.80,54.71,15702600,0,0,0
20170821,54.67,95.08,52.87,77.82,238775000,0,0,0
20170822,77.99,95.51,72.53,91.16,150286000,0,0,0
20170823,91.01,99.71,85.51,90.33,84961900,0,0,0
20170824,90.35,93.77,79.35,86.29,70187100,0,0,0
20170825,86.47,108.36,85.34,108.26,95835700,0,0,0
20170826,107.46,148.36,105.28,138.05,301843000,0,0,0
20170827,137.59,138.88,124.81,130.68,92742200,0,0,0
20170828,130.76,154.58,129.06,145.40,216036000,0,0,0
20170829,144.24,144.50,128.02,133.03,104869000,0,0,0
20170830,133.84,135.83,124.06,132.38,106543000,0,0,0
20170831,131.95,141.97,131.21,140.41,131974000,0,0,0
20170901,140.65,150.09,136.49,141.20,163961000,0,0,0
20170902,141.35,141.40,121.96,124.80,128849000,0,0,0
20170903,124.93,129.29,115.74,126.01,92631100,0,0,0
20170904,126.23,126.23,101.73,106.17,89194700,0,0,0
20170905,106.75,122.63,95.81,118.82,113378000,0,0,0
20170906,118.78,122.31,114.32,121.63,64604400,0,0,0
20170907,121.39,124.76,116.60,120.84,62655700,0,0,0
20170908,120.28,132.57,113.30,118.04,159066000,0,0,0
20170909,118.19,119.73,113.17,116.27,39220400,0,0,0
20170910,115.64,115.77,103.17,112.33,50725200,0,0,0
20170911,113.05,116.24,110.47,112.75,30605900,0,0,0
20170912,112.72,115.69,110.49,111.89,40402700,0,0,0
20170913,111.81,113.16,102.39,111.33,88162900,0,0,0
20170914,111.29,120.39,82.65,83.04,133553000,0,0,0
20170915,83.13,103.69,73.17,99.85,176154000,0,0,0
20170916,100.11,106.12,91.41,95.29,71163500,0,0,0
20170917,94.97,96.36,89.22,93.74,41008200,0,0,0
20170918,93.81,102.02,93.81,100.57,63732100,0,0,0
20170919,100.83,101.28,93.70,97.72,48249700,0,0,0
20170920,97.64,98.09,93.37,95.57,34198900,0,0,0
20170921,95.33,95.75,85.17,86.24,34290500,0,0,0
20170922,86.17,89.54,84.33,88.17,28179100,0,0,0
20170923,88.03,92.12,86.96,91.85,26372900,0,0,0
20170924,91.76,91.81,88.00,89.50,22224000,0,0,0
20170925,89.37,94.23,89.12,93.64,28114300,0,0,0
20170926,93.81,95.31,91.60,93.13,32540800,0,0,0
20170927,92.75,102.91,92.64,101.04,51634900,0,0,0
20170928,100.97,101.14,95.48,97.23,41822000,0,0,0
20170929,97.30,97.78,91.22,94.50,38972400,0,0,0
20170930,94.44,96.33,94.07,95.76,28498000,0,0,0
20171001,95.59,95.74,91.77,93.22,25936500,0,0,0
20171002,93.56,93.80,90.98,91.54,27534700,0,0,0
20171003,91.52,94.81,87.21,92.96,44289800,0,0,0
20171004,92.95,93.65,89.05,90.41,29568100,0,0,0
20171005,90.49,92.45,88.14,91.86,27697400,0,0,0
20171006,91.91,92.94,90.23,91.19,24504100,0,0,0
20171007,90.94,92.05,89.57,91.70,22617600,0,0,0
20171008,91.39,92.20,89.74,89.77,29220800,0,0,0
20171009,89.74,90.12,83.76,85.49,38063700,0,0,0
20171010,85.61,88.41,84.27,86.82,31695500,0,0,0
20171011,86.74,88.25,85.80,87.42,21103400,0,0,0
20171012,87.56,88.63,86.46,87.09,32783200,0,0,0
20171013,87.23,96.77,85.53,95.13,63578800,0,0,0
20171014,95.06,103.13,93.73,100.23,38886100,0,0,0
20171015,99.94,100.81,91.60,94.87,34188200,0,0,0
20171016,94.99,97.97,93.05,95.90,32185000,0,0,0
20171017,95.93,96.94,90.72,91.28,43866200,0,0,0
20171018,91.19,91.26,86.54,89.54,36277100,0,0,0
20171019,89.66,92.48,87.91,88.62,35302300,0,0,0
20171020,88.71,92.73,88.07,90.54,38260700,0,0,0
20171021,90.41,90.41,86.58,88.12,25267200,0,0,0
20171022,88.18,89.04,85.52,86.58,27130000,0,0,0
20171023,86.48,86.92,82.89,85.21,26261800,0,0,0
20171024,85.16,92.35,83.47,88.40,42191100,0,0,0
20171025,88.49,101.29,85.82,88.13,59952100,0,0,0
20171026,88.17,89.87,88.02,88.58,23132200,0,0,0
20171027,88.58,89.19,86.43,86.75,27939000,0,0,0
20171028,86.91,87.76,85.71,86.31,25397400,0,0,0
20171029,86.27,90.36,86.27,88.65,38368700,0,0,0
20171030,88.59,90.49,88.04,88.84,28179100,0,0,0
20171031,88.75,89.33,87.60,87.64,28704900,0,0,0
20171101,87.65,88.20,84.73,85.72,36899300,0,0,0
20171102,85.66,86.08,81.68,83.76,48608100,0,0,0
20171103,83.53,90.14,83.53,87.99,37321100,0,0,0
20171104,87.90,88.48,85.50,87.30,23011500,0,0,0
20171105,87.31,88.04,86.04,86.35,27619800,0,0,0
20171106,86.42,102.92,86.15,102.92,103722000,0,0,0
20171107,104.23,104.75,95.05,99.76,81253300,0,0,0
20171108,99.82,115.94,99.14,113.31,79822900,0,0,0
20171109,112.53,123.41,112.22,120.78,86864600,0,0,0
20171110,121.34,121.67,101.76,105.59,84614000,0,0,0
20171111,105.75,127.11,103.88,119.62,107708000,0,0,0
20171112,119.60,133.68,110.62,123.86,144948000,0,0,0
20171113,128.96,136.53,120.92,123.40,116200000,0,0,0
20171114,123.62,124.20,118.63,122.35,53544800,0,0,0
20171115,122.24,124.72,119.19,121.37,49976700,0,0,0
20171116,121.24,128.09,118.50,120.31,74944100,0,0,0
20171117,120.02,126.70,119.25,126.70,47127700,0,0,0
20171118,126.59,135.01,123.53,130.80,62156400,0,0,0
20171119,130.72,133.62,127.21,129.48,42133000,0,0,0
20171120,129.50,140.55,128.49,135.76,59945400,0,0,0
20171121,136.10,142.21,131.37,141.74,72701500,0,0,0
20171122,142.08,173.45,141.14,165.95,189472000,0,0,0
20171123,166.11,172.92,156.45,158.61,109392000,0,0,0
20171124,158.62,162.94,156.76,160.03,69178000,0,0,0
20171125,160.00,170.10,160.00,168.44,64076700,0,0,0
20171126,168.57,168.72,159.76,163.37,61100400,0,0,0
20171127,162.92,173.39,159.95,173.39,81489700,0,0,0
20171128,175.35,203.21,173.17,203.21,179179000,0,0,0
20171129,203.91,214.28,165.33,168.15,178828000,0,0,0
20171130,170.49,195.39,156.53,180.14,128112000,0,0,0
20171201,179.72,191.85,169.76,190.94,70430500,0,0,0
20171202,190.83,205.26,186.68,203.03,80791100,0,0,0
20171203,203.37,209.09,191.25,200.05,111303000,0,0,0
20171204,199.56,210.24,192.04,210.24,74534400,0,0,0
20171205,211.13,272.64,208.89,269.48,352326000,0,0,0
20171206,268.16,316.67,260.61,278.69,543884000,0,0,0
20171207,277.87,300.32,263.17,280.86,299528000,0,0,0
20171208,281.31,284.86,250.65,276.74,201497000,0,0,0
20171209,277.27,281.40,250.39,262.53,161152000,0,0,0
20171210,262.90,262.90,220.77,245.33,142120000,0,0,0
20171211,244.95,281.03,244.14,279.67,152497000,0,0,0
20171212,281.49,319.90,281.19,308.07,271786000,0,0,0
20171213,307.43,330.35,284.74,305.75,248583000,0,0,0
20171214,303.26,335.53,301.40,325.21,261053000,0,0,0
20171215,325.61,326.08,296.08,312.32,163054000,0,0,0
20171216,312.61,331.54,311.71,327.32,164861000,0,0,0
20171217,328.06,365.24,327.27,351.37,278705000,0,0,0
20171218,353.07,381.51,332.09,381.51,217306000,0,0,0
20171219,381.07,406.03,346.94,377.24,317292000,0,0,0
20171220,375.71,476.40,329.95,469.20,498648000,0,0,0
20171221,470.29,470.29,390.55,417.98,354021000,0,0,0
20171222,419.53,423.42,255.67,346.11,334617000,0,0,0
20171223,349.76,417.65,344.38,382.04,190117000,0,0,0
20171224,391.01,391.01,297.09,337.06,134675000,0,0,0
20171225,339.69,365.87,323.20,360.78,119632000,0,0,0
20171226,361.08,384.77,357.27,381.54,161342000,0,0,0
20171227,381.30,442.60,381.30,421.85,250742000,0,0,0
20171228,422.51,422.51,359.49,378.90,162717000,0,0,0
20171229,381.30,387.56,358.07,377.37,173825000,0,0,0
20171230,378.52,378.52,319.61,330.80,140463000,0,0,0
20171231,329.00,356.77,327.41,349.03,101667000,0,0,0
20180101,349.55,363.79,336.98,358.99,110244000,0,0,0
20180102,359.06,387.79,359.06,383.42,224769000,0,0,0
20180103,382.74,418.26,378.86,412.06,180190000,0,0,0
20180104,414.41,419.72,383.54,403.05,166108000,0,0,0
20180105,402.38,407.04,373.89,384.94,182618000,0,0,0
20180106,385.37,452.77,380.21,452.77,235391000,0,0,0
20180107,456.15,495.84,453.39,459.33,262443000,0,0,0
20180108,458.35,469.70,357.54,405.07,220924000,0,0,0
20180109,403.71,447.61,398.53,413.33,522438000,0,0,0
20180110,413.25,419.06,370.52,407.74,265152000,0,0,0
20180111,406.08,415.90,346.69,355.59,187722000,0,0,0
20180112,358.62,394.78,347.32,394.78,158189000,0,0,0
20180113,393.04,433.35,393.04,420.05,248705000,0,0,0
20180114,420.34,444.01,384.31,399.52,180678000,0,0,0
20180115,396.02,444.34,392.37,414.57,264782000,0,0,0
20180116,415.93,418.99,261.20,320.04,283036000,0,0,0
20180117,318.93,332.12,240.36,319.19,192937000,0,0,0
20180118,320.60,347.11,303.35,316.47,152851000,0,0,0
20180119,314.13,367.96,309.54,364.62,199852000,0,0,0
20180120,367.63,403.49,358.77,383.79,240595000,0,0,0
20180121,384.53,389.11,336.01,345.08,126395000,0,0,0
20180122,348.91,356.04,288.79,315.90,116893000,0,0,0
20180123,315.31,321.69,285.61,308.46,116898000,0,0,0
20180124,308.93,323.19,299.46,317.40,92263600,0,0,0
20180125,322.17,328.00,306.59,317.10,76537300,0,0,0
20180126,316.60,328.78,292.48,323.69,91052800,0,0,0
20180127,325.31,332.83,310.44,321.36,66614100,0,0,0
20180128,322.96,337.16,322.96,332.17,75700900,0,0,0
20180129,331.77,336.69,314.05,316.63,55323000,0,0,0
20180130,317.36,318.01,268.68,274.02,93182600,0,0,0
20180131,274.90,284.02,265.28,272.89,67649500,0,0,0
20180201,273.88,279.78,228.39,240.97,73082700,0,0,0
20180202,240.84,249.27,184.94,235.63,122696000,0,0,0
20180203,236.51,256.98,215.60,251.59,55887100,0,0,0
20180204,251.97,257.39,214.79,221.05,48981700,0,0,0
20180205,219.04,221.74,167.14,179.49,77454500,0,0,0
20180206,180.87,213.46,149.41,212.29,100344000,0,0,0
20180207,210.73,231.25,191.86,207.28,64730900,0,0,0
