DATE,OPEN,HIGH,LOW,CLOSE,VOL,P,R,RINFO
20150401,0.000400,0.000458,0.000170,0.000242,65525,0,0,0
20150402,0.000242,0.000323,0.000227,0.000314,28549,0,0,0
20150403,0.000309,0.000330,0.000291,0.000310,20678,0,0,0
20150404,0.000310,0.000318,0.000251,0.000277,23550,0,0,0
20150405,0.000272,0.000283,0.000218,0.000232,26800,0,0,0
20150406,0.000232,0.000299,0.000229,0.000289,22512,0,0,0
20150407,0.000288,0.000288,0.000234,0.000241,14437,0,0,0
20150408,0.000245,0.000259,0.000223,0.000228,6933,0,0,0
20150409,0.000228,0.000239,0.000213,0.000224,10014,0,0,0
20150410,0.000224,0.000227,0.000167,0.000175,16846,0,0,0
20150411,0.000175,0.000192,0.000143,0.000163,22846,0,0,0
20150412,0.000163,0.000173,0.000144,0.000146,5569,0,0,0
20150413,0.000146,0.000155,0.000123,0.000139,11803,0,0,0
20150414,0.000139,0.000178,0.000137,0.000153,14654,0,0,0
20150415,0.000156,0.000172,0.000146,0.000155,8196,0,0,0
20150416,0.000155,0.000174,0.000155,0.000163,5317,0,0,0
20150417,0.000168,0.000172,0.000160,0.000167,4556,0,0,0
20150418,0.000167,0.000170,0.000141,0.000141,9117,0,0,0
20150419,0.000141,0.000160,0.000137,0.000147,7193,0,0,0
20150420,0.000147,0.000150,0.000128,0.000133,6681,0,0,0
20150421,0.000133,0.000148,0.000129,0.000137,3912,0,0,0
20150422,0.000137,0.000149,0.000129,0.000138,2353,0,0,0
20150423,0.000138,0.000147,0.000133,0.000137,2117,0,0,0
20150424,0.000137,0.000150,0.000132,0.000150,3058,0,0,0
20150425,0.000149,0.000150,0.000137,0.000140,2480,0,0,0
20150426,0.000140,0.000141,0.000127,0.000134,2074,0,0,0
20150427,0.000134,0.000168,0.000134,0.000163,6660,0,0,0
20150428,0.000160,0.000163,0.000146,0.000149,3358,0,0,0
20150429,0.000149,0.000152,0.000142,0.000147,2013,0,0,0
20150430,0.000147,0.000160,0.000147,0.000157,959,0,0,0
20150501,0.000157,0.000158,0.000153,0.000156,692,0,0,0
20150502,0.000153,0.000158,0.000146,0.000155,1543,0,0,0
20150503,0.000155,0.000158,0.000142,0.000149,4417,0,0,0
20150504,0.000149,0.000157,0.000142,0.000151,2595,0,0,0
20150505,0.000151,0.000153,0.000137,0.000141,3974,0,0,0
20150506,0.000141,0.000146,0.000139,0.000143,1125,0,0,0
20150507,0.000142,0.000160,0.000142,0.000156,2475,0,0,0
20150508,0.000156,0.000160,0.000147,0.000155,1043,0,0,0
20150509,0.000155,0.000155,0.000150,0.000150,623,0,0,0
20150510,0.000150,0.000159,0.000146,0.000151,1774,0,0,0
20150511,0.000151,0.000155,0.000140,0.000155,3367,0,0,0
20150512,0.000155,0.000166,0.000147,0.000165,4765,0,0,0
20150513,0.000165,0.000174,0.000158,0.000159,4187,0,0,0
20150514,0.000159,0.000169,0.000155,0.000160,1647,0,0,0
20150515,0.000160,0.000165,0.000154,0.000164,1260,0,0,0
20150516,0.000164,0.000178,0.000155,0.000156,4958,0,0,0
20150517,0.000155,0.000162,0.000155,0.000160,1049,0,0,0
20150518,0.000160,0.000178,0.000159,0.000169,12653,0,0,0
20150519,0.000166,0.000181,0.000164,0.000171,9163,0,0,0
20150520,0.000171,0.000179,0.000167,0.000172,8928,0,0,0
20150521,0.000172,0.000185,0.000170,0.000172,7586,0,0,0
20150522,0.000172,0.000183,0.000168,0.000177,4136,0,0,0
20150523,0.000177,0.000187,0.000175,0.000177,4560,0,0,0
20150524,0.000177,0.000183,0.000173,0.000182,5675,0,0,0
20150525,0.000182,0.000188,0.000178,0.000178,6871,0,0,0
20150526,0.000178,0.000191,0.000178,0.000183,3845,0,0,0
20150527,0.000183,0.000210,0.000183,0.000197,8659,0,0,0
20150528,0.000195,0.000201,0.000188,0.000196,7217,0,0,0
20150529,0.000196,0.000198,0.000183,0.000183,7999,0,0,0
20150530,0.000183,0.000192,0.000183,0.000185,7228,0,0,0
20150531,0.000185,0.000185,0.000171,0.000177,4684,0,0,0
20150601,0.000177,0.000180,0.000166,0.000170,3525,0,0,0
20150602,0.000170,0.000185,0.000168,0.000178,5642,0,0,0
20150603,0.000178,0.000180,0.000175,0.000177,1820,0,0,0
20150604,0.000177,0.000179,0.000171,0.000172,2220,0,0,0
20150605,0.000172,0.000181,0.000168,0.000179,4105,0,0,0
20150606,0.000179,0.000179,0.000165,0.000170,3364,0,0,0
20150607,0.000170,0.000176,0.000163,0.000168,3360,0,0,0
20150608,0.000168,0.000172,0.000167,0.000171,3110,0,0,0
20150609,0.000171,0.000173,0.000139,0.000148,8723,0,0,0
20150610,0.000149,0.000159,0.000132,0.000153,4577,0,0,0
20150611,0.000153,0.000156,0.000142,0.000148,4653,0,0,0
20150612,0.000148,0.000154,0.000142,0.000148,3589,0,0,0
20150613,0.000148,0.000155,0.000146,0.000155,2980,0,0,0
20150614,0.000155,0.000159,0.000149,0.000155,2903,0,0,0
20150615,0.000155,0.000165,0.000147,0.000147,9550,0,0,0
20150616,0.000147,0.000161,0.000144,0.000160,6374,0,0,0
20150617,0.000160,0.000184,0.000155,0.000160,8668,0,0,0
20150618,0.000160,0.000172,0.000158,0.000172,3683,0,0,0
20150619,0.000173,0.000174,0.000154,0.000155,6743,0,0,0
20150620,0.000155,0.000160,0.000150,0.000158,1488,0,0,0
20150621,0.000158,0.000161,0.000152,0.000161,616,0,0,0
20150622,0.000161,0.000166,0.000149,0.000156,4900,0,0,0
20150623,0.000156,0.000169,0.000155,0.000158,2518,0,0,0
20150624,0.000158,0.000159,0.000154,0.000156,1656,0,0,0
20150625,0.000156,0.000159,0.000154,0.000154,2791,0,0,0
20150626,0.000154,0.000160,0.000148,0.000148,3547,0,0,0
20150627,0.000148,0.000158,0.000145,0.000157,4043,0,0,0
20150628,0.000157,0.000158,0.000149,0.000152,1838,0,0,0
20150629,0.000152,0.000156,0.000146,0.000150,2007,0,0,0
20150630,0.000150,0.000163,0.000148,0.000161,5197,0,0,0
20150701,0.000162,0.000163,0.000142,0.000142,2224,0,0,0
20150702,0.000142,0.000149,0.000140,0.000143,1323,0,0,0
20150703,0.000143,0.000152,0.000137,0.000143,3873,0,0,0
20150704,0.000144,0.000146,0.000132,0.000141,1575,0,0,0
20150705,0.000141,0.000143,0.000122,0.000129,3717,0,0,0
20150706,0.000128,0.000134,0.000126,0.000126,521,0,0,0
20150707,0.000126,0.000147,0.000124,0.000142,3977,0,0,0
20150708,0.000142,0.000162,0.000142,0.000161,2407,0,0,0
20150709,0.000161,0.000161,0.000142,0.000144,1678,0,0,0
20150710,0.000144,0.000157,0.000138,0.000149,3166,0,0,0
20150711,0.000145,0.000178,0.000142,0.000161,5422,0,0,0
20150712,0.000161,0.000170,0.000154,0.000157,3108,0,0,0
20150713,0.000157,0.000176,0.000151,0.000157,3229,0,0,0
20150714,0.000157,0.000166,0.000148,0.000158,970,0,0,0
20150715,0.000158,0.000161,0.000148,0.000148,746,0,0,0
20150716,0.000148,0.000151,0.000141,0.000142,1869,0,0,0
20150717,0.000142,0.000151,0.000142,0.000149,191,0,0,0
20150718,0.000149,0.000152,0.000144,0.000146,783,0,0,0
20150719,0.000146,0.000150,0.000144,0.000148,898,0,0,0
20150720,0.000144,0.000172,0.000144,0.000149,4446,0,0,0
20150721,0.000149,0.000150,0.000144,0.000149,2177,0,0,0
20150722,0.000149,0.000151,0.000141,0.000142,1237,0,0,0
20150723,0.000142,0.000156,0.000142,0.000146,2965,0,0,0
20150724,0.000146,0.000194,0.000146,0.000177,20017,0,0,0
20150725,0.000176,0.000201,0.000170,0.000184,6331,0,0,0
20150726,0.000182,0.000189,0.000169,0.000173,3001,0,0,0
20150727,0.000173,0.000179,0.000163,0.000163,4905,0,0,0
20150728,0.000163,0.000175,0.000162,0.000174,3019,0,0,0
20150729,0.000174,0.000174,0.000156,0.000161,1294,0,0,0
20150730,0.000161,0.000171,0.000160,0.000166,1904,0,0,0
20150731,0.000166,0.000170,0.000158,0.000164,798,0,0,0
20150801,0.000164,0.000165,0.000154,0.000164,1445,0,0,0
20150802,0.000163,0.000164,0.000153,0.000154,2565,0,0,0
20150803,0.000154,0.000157,0.000152,0.000154,2002,0,0,0
20150804,0.000154,0.000158,0.000146,0.000148,2833,0,0,0
20150805,0.000148,0.000157,0.000143,0.000148,4230,0,0,0
20150806,0.000148,0.000148,0.000141,0.000141,952,0,0,0
20150807,0.000141,0.000146,0.000140,0.000145,1811,0,0,0
20150808,0.000145,0.000147,0.000135,0.000136,3307,0,0,0
20150809,0.000136,0.000140,0.000126,0.000130,8393,0,0,0
20150810,0.000130,0.000139,0.000130,0.000135,1268,0,0,0
20150811,0.000135,0.000139,0.000126,0.000135,3006,0,0,0
20150812,0.000135,0.000138,0.000128,0.000133,5295,0,0,0
20150813,0.000128,0.000133,0.000121,0.000123,3420,0,0,0
20150814,0.000123,0.000130,0.000121,0.000121,1770,0,0,0
20150815,0.000121,0.000125,0.000119,0.000119,2058,0,0,0
20150816,0.000120,0.000126,0.000117,0.000123,2245,0,0,0
20150817,0.000123,0.000127,0.000119,0.000119,1511,0,0,0
20150818,0.000119,0.000121,0.000092,0.000092,2207,0,0,0
20150819,0.000099,0.000110,0.000097,0.000100,713,0,0,0
20150820,0.000100,0.000109,0.000100,0.000106,148,0,0,0
20150821,0.000106,0.000107,0.000100,0.000101,651,0,0,0
20150822,0.000101,0.000102,0.000094,0.000101,481,0,0,0
20150823,0.000101,0.000104,0.000097,0.000098,111,0,0,0
20150824,0.000098,0.000100,0.000091,0.000093,1331,0,0,0
20150825,0.000093,0.000096,0.000086,0.000086,1988,0,0,0
20150826,0.000086,0.000094,0.000086,0.000090,1348,0,0,0
20150827,0.000090,0.000098,0.000088,0.000097,833,0,0,0
20150828,0.000098,0.000098,0.000085,0.000093,1852,0,0,0
20150829,0.000093,0.000104,0.000093,0.000096,436,0,0,0
20150830,0.000096,0.000104,0.000096,0.000104,1193,0,0,0
20150831,0.000104,0.000104,0.000094,0.000094,588,0,0,0
20150901,0.000094,0.000105,0.000093,0.000100,527,0,0,0
20150902,0.000100,0.000100,0.000088,0.000088,897,0,0,0
20150903,0.000088,0.000089,0.000083,0.000089,333,0,0,0
20150904,0.000089,0.000097,0.000088,0.000097,233,0,0,0
20150905,0.000097,0.000098,0.000085,0.000086,1099,0,0,0
20150906,0.000086,0.000096,0.000085,0.000096,902,0,0,0
20150907,0.000096,0.000098,0.000094,0.000096,315,0,0,0
20150908,0.000096,0.000101,0.000094,0.000099,419,0,0,0
20150909,0.000099,0.000099,0.000087,0.000090,1343,0,0,0
20150910,0.000090,0.000100,0.000087,0.000091,2545,0,0,0
20150911,0.000091,0.000097,0.000090,0.000094,590,0,0,0
20150912,0.000094,0.000096,0.000087,0.000087,233,0,0,0
20150913,0.000087,0.000094,0.000085,0.000090,659,0,0,0
20150914,0.000090,0.000091,0.000089,0.000090,95,0,0,0
20150915,0.000090,0.000099,0.000079,0.000099,2995,0,0,0
20150916,0.000099,0.000131,0.000088,0.000106,10004,0,0,0
20150917,0.000106,0.000128,0.000101,0.000108,5428,0,0,0
20150918,0.000108,0.000112,0.000098,0.000100,1354,0,0,0
20150919,0.000100,0.000106,0.000095,0.000102,1440,0,0,0
20150920,0.000102,0.000102,0.000095,0.000100,1250,0,0,0
20150921,0.000100,0.000114,0.000094,0.000102,3745,0,0,0
20150922,0.000102,0.000131,0.000100,0.000130,7599,0,0,0
20150923,0.000130,0.000134,0.000117,0.000120,1843,0,0,0
20150924,0.000120,0.000125,0.000112,0.000116,987,0,0,0
20150925,0.000116,0.000136,0.000116,0.000134,1853,0,0,0
20150926,0.000134,0.000136,0.000120,0.000131,2186,0,0,0
20150927,0.000131,0.000137,0.000127,0.000130,1636,0,0,0
20150928,0.000132,0.000144,0.000129,0.000139,1641,0,0,0
20150929,0.000139,0.000167,0.000121,0.000149,9728,0,0,0
20150930,0.000149,0.000171,0.000144,0.000151,5864,0,0,0
20151001,0.000151,0.000189,0.000151,0.000175,11660,0,0,0
20151002,0.000175,0.000183,0.000133,0.000149,6645,0,0,0
20151003,0.000149,0.000150,0.000117,0.000127,5007,0,0,0
20151004,0.000127,0.000130,0.000113,0.000122,1783,0,0,0
20151005,0.000122,0.000124,0.000115,0.000119,1640,0,0,0
20151006,0.000119,0.000125,0.000109,0.000123,1030,0,0,0
20151007,0.000123,0.000137,0.000118,0.000136,1230,0,0,0
20151008,0.000136,0.000136,0.000107,0.000118,3949,0,0,0
20151009,0.000118,0.000119,0.000108,0.000117,1174,0,0,0
20151010,0.000117,0.000118,0.000111,0.000112,352,0,0,0
20151011,0.000112,0.000117,0.000104,0.000109,1191,0,0,0
20151012,0.000109,0.000123,0.000108,0.000117,331,0,0,0
20151013,0.000117,0.000124,0.000111,0.000119,1360,0,0,0
20151014,0.000119,0.000130,0.000114,0.000116,1192,0,0,0
20151015,0.000115,0.000128,0.000110,0.000113,2831,0,0,0
20151016,0.000113,0.000122,0.000111,0.000117,1009,0,0,0
20151017,0.000117,0.000125,0.000106,0.000124,3306,0,0,0
20151018,0.000124,0.000129,0.000120,0.000124,319,0,0,0
20151019,0.000124,0.000126,0.000108,0.000108,946,0,0,0
20151020,0.000108,0.000124,0.000108,0.000117,717,0,0,0
20151021,0.000117,0.000118,0.000111,0.000117,95,0,0,0
20151022,0.000117,0.000123,0.000117,0.000118,280,0,0,0
20151023,0.000118,0.000125,0.000114,0.000119,785,0,0,0
20151024,0.000119,0.000123,0.000115,0.000123,639,0,0,0
20151025,0.000123,0.000132,0.000118,0.000119,1356,0,0,0
20151026,0.000119,0.000120,0.000112,0.000114,550,0,0,0
20151027,0.000114,0.000122,0.000113,0.000117,483,0,0,0
20151028,0.000117,0.000122,0.000111,0.000120,833,0,0,0
20151029,0.000120,0.000142,0.000117,0.000140,1930,0,0,0
20151030,0.000138,0.000158,0.000133,0.000158,3174,0,0,0
20151031,0.000158,0.000160,0.000134,0.000145,530,0,0,0
20151101,0.000136,0.000170,0.000136,0.000150,950,0,0,0
20151102,0.000150,0.000164,0.000141,0.000162,419,0,0,0
20151103,0.000163,0.000182,0.000128,0.000172,3720,0,0,0
20151104,0.000173,0.000187,0.000140,0.000151,1613,0,0,0
20151105,0.000150,0.000174,0.000132,0.000151,1455,0,0,0
20151106,0.000151,0.000156,0.000127,0.000142,217,0,0,0
20151107,0.000142,0.000164,0.000140,0.000164,218,0,0,0
20151108,0.000164,0.000169,0.000123,0.000141,484,0,0,0
20151109,0.000142,0.000157,0.000137,0.000152,352,0,0,0
20151110,0.000149,0.000153,0.000129,0.000132,398,0,0,0
20151111,0.000132,0.000139,0.000115,0.000127,686,0,0,0
20151112,0.000127,0.000138,0.000117,0.000132,708,0,0,0
20151113,0.000131,0.000133,0.000119,0.000128,77,0,0,0
20151114,0.000128,0.000128,0.000118,0.000121,112,0,0,0
20151115,0.000127,0.000138,0.000103,0.000112,2260,0,0,0
20151116,0.000112,0.000129,0.000095,0.000129,1355,0,0,0
20151117,0.000129,0.000135,0.000084,0.000097,6187,0,0,0
20151118,0.000100,0.000119,0.000093,0.000109,3405,0,0,0
20151119,0.000109,0.000120,0.000102,0.000111,616,0,0,0
20151120,0.000111,0.000117,0.000104,0.000113,69,0,0,0
20151121,0.000113,0.000113,0.000098,0.000103,778,0,0,0
20151122,0.000103,0.000117,0.000099,0.000100,686,0,0,0
20151123,0.000100,0.000107,0.000100,0.000106,92,0,0,0
20151124,0.000106,0.000106,0.000099,0.000100,179,0,0,0
20151125,0.000100,0.000113,0.000100,0.000108,772,0,0,0
20151126,0.000108,0.000115,0.000101,0.000111,696,0,0,0
20151127,0.000111,0.000122,0.000087,0.000093,1016,0,0,0
20151128,0.000093,0.000114,0.000091,0.000107,946,0,0,0
20151129,0.000107,0.000107,0.000091,0.000104,247,0,0,0
20151130,0.000104,0.000109,0.000102,0.000106,224,0,0,0
20151201,0.000106,0.000136,0.000102,0.000116,1860,0,0,0
20151202,0.000116,0.000127,0.000092,0.000102,3449,0,0,0
20151203,0.000103,0.000117,0.000097,0.000108,1771,0,0,0
20151204,0.000108,0.000122,0.000107,0.000118,1096,0,0,0
20151205,0.000118,0.000126,0.000114,0.000118,165,0,0,0
20151206,0.000120,0.000125,0.000099,0.000104,2133,0,0,0
20151207,0.000103,0.000126,0.000096,0.000126,792,0,0,0
20151208,0.000126,0.000137,0.000118,0.000133,1172,0,0,0
20151209,0.000134,0.000142,0.000126,0.000137,676,0,0,0
20151210,0.000137,0.000211,0.000124,0.000146,561,0,0,0
20151211,0.000146,0.000150,0.000140,0.000146,258,0,0,0
20151212,0.000147,0.000153,0.000118,0.000127,718,0,0,0
20151213,0.000155,0.000161,0.000131,0.000143,2345,0,0,0
20151214,0.000143,0.000143,0.000132,0.000138,187,0,0,0
20151215,0.000138,0.000138,0.000116,0.000126,1109,0,0,0
20151216,0.000126,0.000194,0.000116,0.000183,7084,0,0,0
20151217,0.000199,0.000302,0.000183,0.000243,33215,0,0,0
20151218,0.000243,0.000249,0.000169,0.000182,12619,0,0,0
20151219,0.000182,0.000193,0.000134,0.000162,4681,0,0,0
20151220,0.000162,0.000164,0.000140,0.000155,3616,0,0,0
20151221,0.000155,0.000219,0.000143,0.000192,6140,0,0,0
20151222,0.000192,0.000210,0.000176,0.000194,3694,0,0,0
20151223,0.000194,0.000211,0.000187,0.000203,4073,0,0,0
20151224,0.000203,0.000205,0.000163,0.000178,3898,0,0,0
20151225,0.000182,0.000206,0.000168,0.000185,3183,0,0,0
20151226,0.000185,0.000186,0.000156,0.000162,1106,0,0,0
20151227,0.000162,0.000162,0.000145,0.000150,3405,0,0,0
20151228,0.000150,0.000166,0.000140,0.000140,1392,0,0,0
20151229,0.000140,0.000163,0.000140,0.000161,1042,0,0,0
20151230,0.000161,0.000173,0.000145,0.000160,2870,0,0,0
20151231,0.000160,0.000160,0.000147,0.000151,1171,0,0,0
20160101,0.000151,0.000173,0.000151,0.000162,1361,0,0,0
20160102,0.000162,0.000177,0.000161,0.000165,1140,0,0,0
20160103,0.000165,0.000175,0.000160,0.000175,573,0,0,0
20160104,0.000175,0.000244,0.000168,0.000203,7346,0,0,0
20160105,0.000203,0.000205,0.000183,0.000186,1676,0,0,0
20160106,0.000186,0.000195,0.000182,0.000188,1372,0,0,0
20160107,0.000188,0.000264,0.000188,0.000252,20869,0,0,0
20160108,0.000252,0.000323,0.000222,0.000272,30481,0,0,0
20160109,0.000272,0.000275,0.000232,0.000256,9030,0,0,0
20160110,0.000256,0.000272,0.000244,0.000256,3027,0,0,0
20160111,0.000257,0.000257,0.000232,0.000239,11982,0,0,0
20160112,0.000238,0.000267,0.000232,0.000260,7721,0,0,0
20160113,0.000258,0.000259,0.000242,0.000248,6263,0,0,0
20160114,0.000248,0.000304,0.000248,0.000285,39981,0,0,0
20160115,0.000285,0.000328,0.000256,0.000256,37975,0,0,0
20160116,0.000255,0.000280,0.000253,0.000278,10071,0,0,0
20160117,0.000278,0.000300,0.000278,0.000294,9379,0,0,0
20160118,0.000284,0.000364,0.000282,0.000352,68567,0,0,0
20160119,0.000352,0.000532,0.000346,0.000468,126416,0,0,0
20160120,0.000461,0.000651,0.000450,0.000606,252740,0,0,0
20160121,0.000582,0.000632,0.000419,0.000468,81548,0,0,0
20160122,0.000470,0.000470,0.000412,0.000450,52632,0,0,0
20160123,0.000453,0.000511,0.000428,0.000455,68777,0,0,0
20160124,0.000466,0.000466,0.000397,0.000413,28556,0,0,0
20160125,0.000413,0.000430,0.000367,0.000379,27464,0,0,0
20160126,0.000379,0.000427,0.000372,0.000418,26105,0,0,0
20160127,0.000417,0.000448,0.000389,0.000422,35648,0,0,0
20160128,0.000422,0.000438,0.000390,0.000396,19034,0,0,0
20160129,0.000396,0.000432,0.000374,0.000432,19446,0,0,0
20160130,0.000428,0.000478,0.000425,0.000466,35814,0,0,0
20160131,0.000458,0.000502,0.000431,0.000491,46422,0,0,0
20160201,0.000494,0.000515,0.000434,0.000507,52135,0,0,0
20160202,0.000507,0.000662,0.000487,0.000588,114264,0,0,0
20160203,0.000581,0.000712,0.000574,0.000630,91762,0,0,0
20160204,0.000629,0.000660,0.000568,0.000601,78974,0,0,0
20160205,0.000601,0.000655,0.000589,0.000631,24322,0,0,0
20160206,0.000631,0.000652,0.000612,0.000634,16086,0,0,0
20160207,0.000634,0.000637,0.000584,0.000606,24609,0,0,0
20160208,0.000606,0.000633,0.000586,0.000590,15958,0,0,0
20160209,0.000590,0.000608,0.000533,0.000543,18947,0,0,0
20160210,0.000547,0.000583,0.000518,0.000535,23021,0,0,0
20160211,0.000535,0.000566,0.000496,0.000506,21143,0,0,0
20160212,0.000516,0.000645,0.000498,0.000609,31204,0,0,0
20160213,0.000606,0.000624,0.000532,0.000566,21921,0,0,0
20160214,0.000567,0.000603,0.000546,0.000594,8013,0,0,0
20160215,0.000595,0.000601,0.000559,0.000578,8518,0,0,0
20160216,0.000578,0.000583,0.000491,0.000518,33862,0,0,0
20160217,0.000521,0.000548,0.000455,0.000466,23223,0,0,0
20160218,0.000466,0.000580,0.000418,0.000557,57118,0,0,0
20160219,0.000560,0.000611,0.000521,0.000565,33913,0,0,0
20160220,0.000565,0.000727,0.000565,0.000606,84725,0,0,0
20160221,0.000597,0.000703,0.000594,0.000662,46199,0,0,0
20160222,0.000662,0.000754,0.000641,0.000670,48507,0,0,0
20160223,0.000671,0.000742,0.000635,0.000648,28674,0,0,0
20160224,0.000648,0.000706,0.000648,0.000651,33792,0,0,0
20160225,0.000648,0.000672,0.000592,0.000629,39616,0,0,0
20160226,0.000632,0.000646,0.000613,0.000645,20449,0,0,0
20160227,0.000647,0.000660,0.000627,0.000643,14847,0,0,0
20160228,0.000643,0.000672,0.000618,0.000654,12969,0,0,0
20160229,0.000654,0.000676,0.000628,0.000647,19328,0,0,0
20160301,0.000635,0.000658,0.000623,0.000628,14850,0,0,0
20160302,0.000628,0.000648,0.000606,0.000645,18524,0,0,0
20160303,0.000644,0.000645,0.000589,0.000605,22400,0,0,0
20160304,0.000606,0.000648,0.000606,0.000637,21494,0,0,0
20160305,0.000627,0.000714,0.000626,0.000709,77590,0,0,0
20160306,0.000709,0.001226,0.000684,0.001043,348109,0,0,0
20160307,0.001048,0.001712,0.001048,0.001622,627920,0,0,0
20160308,0.001618,0.001705,0.001450,0.001635,260891,0,0,0
20160309,0.001650,0.001650,0.001206,0.001329,367893,0,0,0
20160310,0.001330,0.001535,0.001319,0.001385,161400,0,0,0
20160311,0.001377,0.001456,0.001319,0.001344,61167,0,0,0
20160312,0.001341,0.001431,0.001340,0.001365,99260,0,0,0
20160313,0.001350,0.001396,0.001330,0.001341,95887,0,0,0
20160314,0.001339,0.001354,0.001241,0.001256,134782,0,0,0
20160315,0.001255,0.001287,0.001198,0.001239,98868,0,0,0
20160316,0.001246,0.001256,0.001155,0.001172,116986,0,0,0
20160317,0.001174,0.001350,0.001169,0.001301,131175,0,0,0
20160318,0.001285,0.001289,0.001182,0.001183,47825,0,0,0
20160319,0.001182,0.001321,0.001172,0.001294,65195,0,0,0
20160320,0.001300,0.001327,0.001201,0.001239,62747,0,0,0
20160321,0.001238,0.001302,0.001189,0.001257,50079,0,0,0
20160322,0.001257,0.001282,0.001241,0.001272,31594,0,0,0
20160323,0.001259,0.001316,0.001252,0.001304,61730,0,0,0
20160324,0.001304,0.001306,0.001249,0.001256,48528,0,0,0
20160325,0.001259,0.001288,0.001242,0.001248,37992,0,0,0
20160326,0.001247,0.001801,0.001247,0.001484,695940,0,0,0
20160327,0.001484,0.001769,0.001427,0.001454,305038,0,0,0
20160328,0.001454,0.001666,0.001423,0.001584,150393,0,0,0
20160329,0.001552,0.001662,0.001516,0.001534,187162,0,0,0
20160330,0.001534,0.001580,0.001472,0.001491,66153,0,0,0
20160331,0.001478,0.001527,0.001449,0.001495,46908,0,0,0
20160401,0.001495,0.001564,0.001455,0.001473,64361,0,0,0
20160402,0.001462,0.001487,0.001437,0.001443,52104,0,0,0
20160403,0.001443,0.001459,0.001316,0.001360,60244,0,0,0
20160404,0.001364,0.001402,0.001332,0.001370,38331,0,0,0
20160405,0.001371,0.001414,0.001321,0.001373,38468,0,0,0
20160406,0.001373,0.001374,0.001307,0.001361,17324,0,0,0
20160407,0.001361,0.001387,0.001338,0.001349,12999,0,0,0
20160408,0.001345,0.001437,0.001343,0.001419,26063,0,0,0
20160409,0.001419,0.001445,0.001391,0.001412,28257,0,0,0
20160410,0.001412,0.001510,0.001360,0.001400,65615,0,0,0
20160411,0.001400,0.001475,0.001373,0.001458,22648,0,0,0
20160412,0.001458,0.001459,0.001371,0.001390,27811,0,0,0
20160413,0.001390,0.001420,0.001353,0.001365,55189,0,0,0
20160414,0.001365,0.001760,0.001362,0.001579,226419,0,0,0
20160415,0.001579,0.001620,0.001411,0.001443,116531,0,0,0
20160416,0.001443,0.001460,0.001401,0.001423,60570,0,0,0
20160417,0.001423,0.001525,0.001421,0.001500,40530,0,0,0
20160418,0.001485,0.001619,0.001485,0.001558,77865,0,0,0
20160419,0.001560,0.001627,0.001522,0.001620,35119,0,0,0
20160420,0.001619,0.001750,0.001607,0.001647,123362,0,0,0
20160421,0.001647,0.001699,0.001576,0.001579,63276,0,0,0
20160422,0.001580,0.001636,0.001544,0.001583,27030,0,0,0
20160423,0.001583,0.001633,0.001562,0.001600,24123,0,0,0
20160424,0.001600,0.001603,0.001525,0.001533,30483,0,0,0
20160425,0.001535,0.001564,0.001489,0.001518,41019,0,0,0
20160426,0.001516,0.001577,0.001476,0.001532,34249,0,0,0
20160427,0.001532,0.001715,0.001507,0.001645,60837,0,0,0
20160428,0.001640,0.001688,0.001587,0.001599,48880,0,0,0
20160429,0.001599,0.001633,0.001575,0.001607,12164,0,0,0
20160430,0.001606,0.001670,0.001599,0.001601,20784,0,0,0
20160501,0.001601,0.001622,0.001573,0.001606,19104,0,0,0
20160502,0.001606,0.001620,0.001536,0.001574,17512,0,0,0
20160503,0.001574,0.001602,0.001495,0.001578,31618,0,0,0
20160504,0.001578,0.001591,0.001528,0.001535,12471,0,0,0
20160505,0.001535,0.001572,0.001501,0.001535,23235,0,0,0
20160506,0.001535,0.001593,0.001515,0.001590,15647,0,0,0
20160507,0.001635,0.001640,0.001527,0.001554,18165,0,0,0
20160508,0.001555,0.001557,0.001488,0.001517,34875,0,0,0
20160509,0.001506,0.001530,0.001446,0.001475,20281,0,0,0
20160510,0.001475,0.001530,0.001435,0.001506,13587,0,0,0
20160511,0.001506,0.001558,0.001491,0.001534,9375,0,0,0
20160512,0.001534,0.001588,0.001459,0.001571,35261,0,0,0
20160513,0.001556,0.001629,0.001475,0.001517,22258,0,0,0
20160514,0.001517,0.001530,0.001412,0.001435,19939,0,0,0
20160515,0.001435,0.001499,0.001415,0.001470,9596,0,0,0
20160516,0.001470,0.001565,0.001447,0.001492,29747,0,0,0
20160517,0.001491,0.001507,0.001459,0.001465,24857,0,0,0
20160518,0.001465,0.001516,0.001444,0.001444,21163,0,0,0
20160519,0.001444,0.001549,0.001443,0.001549,66759,0,0,0
20160520,0.001547,0.001750,0.001542,0.001664,184416,0,0,0
20160521,0.001689,0.001725,0.001565,0.001620,59265,0,0,0
20160522,0.001620,0.001716,0.001598,0.001698,41583,0,0,0
20160523,0.001695,0.001705,0.001638,0.001661,22784,0,0,0
20160524,0.001661,0.001701,0.001627,0.001652,25705,0,0,0
20160525,0.001644,0.001671,0.001604,0.001638,40465,0,0,0
20160526,0.001639,0.001659,0.001479,0.001508,68522,0,0,0
20160527,0.001435,0.001623,0.001435,0.001561,54836,0,0,0
20160528,0.001560,0.001697,0.001483,0.001613,74438,0,0,0
20160529,0.001612,0.001657,0.001549,0.001648,55953,0,0,0
20160530,0.001632,0.001736,0.001573,0.001676,35592,0,0,0
20160531,0.001674,0.002197,0.001646,0.001875,171256,0,0,0
20160601,0.001878,0.002073,0.001814,0.002034,93395,0,0,0
20160602,0.002031,0.002031,0.001925,0.001970,30940,0,0,0
20160603,0.001970,0.002012,0.001950,0.002001,31976,0,0,0
20160604,0.002002,0.002096,0.001989,0.002010,13642,0,0,0
20160605,0.002020,0.002066,0.001955,0.002003,31833,0,0,0
20160606,0.002003,0.002023,0.001966,0.002023,25280,0,0,0
20160607,0.002023,0.002140,0.001984,0.002024,48058,0,0,0
20160608,0.002047,0.002048,0.001905,0.001968,40244,0,0,0
20160609,0.001967,0.001991,0.001806,0.001858,69457,0,0,0
20160610,0.001858,0.001953,0.001844,0.001888,36825,0,0,0
20160611,0.001888,0.001969,0.001880,0.001968,13460,0,0,0
20160612,0.001978,0.002152,0.001945,0.002094,74584,0,0,0
20160613,0.002093,0.002300,0.002059,0.002219,126549,0,0,0
20160614,0.002219,0.002604,0.002179,0.002376,190254,0,0,0
20160615,0.002376,0.002500,0.002295,0.002436,89352,0,0,0
20160616,0.002436,0.002701,0.002412,0.002695,93485,0,0,0
20160617,0.002697,0.002825,0.002441,0.002564,176445,0,0,0
20160618,0.002573,0.003041,0.002509,0.003041,216735,0,0,0
20160619,0.003041,0.005523,0.003012,0.005004,2144130,0,0,0
20160620,0.004955,0.006525,0.004842,0.005594,2068320,0,0,0
20160621,0.005633,0.005799,0.004389,0.004400,1400580,0,0,0
20160622,0.004412,0.004948,0.003943,0.004088,708990,0,0,0
20160623,0.004135,0.005380,0.003802,0.005122,661495,0,0,0
20160624,0.005181,0.007559,0.005144,0.007508,1781030,0,0,0
20160625,0.007613,0.007960,0.006282,0.007407,1985250,0,0,0
20160626,0.007393,0.007393,0.006326,0.006817,919578,0,0,0
20160627,0.006814,0.011612,0.006700,0.011272,3121330,0,0,0
20160628,0.011525,0.015529,0.010537,0.012825,9830870,0,0,0
20160629,0.012534,0.012778,0.008759,0.010399,6424080,0,0,0
20160630,0.010413,0.012911,0.009008,0.012527,4287380,0,0,0
20160701,0.012402,0.012844,0.009496,0.010477,3648490,0,0,0
20160702,0.010467,0.010944,0.010100,0.010535,1213810,0,0,0
20160703,0.010538,0.011183,0.010190,0.010768,1352360,0,0,0
20160704,0.010760,0.011465,0.010755,0.010891,1053260,0,0,0
20160705,0.010850,0.010995,0.009086,0.009415,1359130,0,0,0
20160706,0.009461,0.009977,0.009082,0.009398,806001,0,0,0
20160707,0.009346,0.009407,0.007315,0.007649,2017560,0,0,0
20160708,0.007697,0.008946,0.007697,0.008166,1307980,0,0,0
20160709,0.008176,0.008303,0.007914,0.008034,403571,0,0,0
20160710,0.008038,0.008368,0.007906,0.008150,350326,0,0,0
20160711,0.008154,0.008450,0.007984,0.008119,465964,0,0,0
20160712,0.008124,0.009512,0.008124,0.009321,1668430,0,0,0
20160713,0.009293,0.009427,0.008640,0.008680,653997,0,0,0
20160714,0.008694,0.008855,0.007394,0.008096,894330,0,0,0
20160715,0.008092,0.008341,0.007994,0.008158,458812,0,0,0
20160716,0.008115,0.008312,0.007863,0.007903,301630,0,0,0
20160717,0.007904,0.007973,0.007626,0.007720,352705,0,0,0
20160718,0.007700,0.007771,0.007460,0.007542,196177,0,0,0
20160719,0.007556,0.007556,0.006501,0.006758,775842,0,0,0
20160720,0.006756,0.007350,0.006725,0.007206,404954,0,0,0
20160721,0.007215,0.007280,0.006670,0.006802,345004,0,0,0
20160722,0.006843,0.006926,0.006391,0.006730,469661,0,0,0
20160723,0.006742,0.007639,0.006685,0.007226,651708,0,0,0
20160724,0.007226,0.007226,0.006758,0.006881,227133,0,0,0
20160725,0.006860,0.007039,0.006706,0.007010,191396,0,0,0
20160726,0.006960,0.007045,0.006387,0.006586,437248,0,0,0
20160727,0.006569,0.006982,0.006538,0.006644,304369,0,0,0
20160728,0.006627,0.006706,0.006530,0.006628,132462,0,0,0
20160729,0.006627,0.006657,0.006533,0.006589,65604,0,0,0
20160730,0.006589,0.006770,0.006559,0.006726,87991,0,0,0
20160731,0.006739,0.006775,0.006534,0.006658,141660,0,0,0
20160801,0.006659,0.006692,0.006228,0.006295,228840,0,0,0
20160802,0.006278,0.006331,0.004811,0.004997,730517,0,0,0
20160803,0.005039,0.005274,0.004939,0.005146,450543,0,0,0
20160804,0.005151,0.005655,0.005151,0.005288,371559,0,0,0
20160805,0.005298,0.005339,0.005167,0.005282,116694,0,0,0
20160806,0.005283,0.005355,0.005108,0.005326,181672,0,0,0
20160807,0.005326,0.005423,0.004933,0.005018,246072,0,0,0
20160808,0.005004,0.005170,0.004986,0.005006,123853,0,0,0
20160809,0.005006,0.006043,0.004925,0.005501,627845,0,0,0
20160810,0.005440,0.005960,0.005435,0.005549,339475,0,0,0
20160811,0.005550,0.005847,0.005526,0.005666,130541,0,0,0
20160812,0.005678,0.007088,0.005669,0.006686,782251,0,0,0
20160813,0.006756,0.006972,0.006330,0.006562,321962,0,0,0
20160814,0.006570,0.006735,0.006254,0.006493,297574,0,0,0
20160815,0.006490,0.006576,0.006317,0.006351,172606,0,0,0
20160816,0.006281,0.006370,0.006043,0.006193,144676,0,0,0
20160817,0.006214,0.006389,0.006170,0.006254,77010,0,0,0
20160818,0.006253,0.006671,0.006253,0.006414,155516,0,0,0
20160819,0.006415,0.006933,0.006415,0.006836,159428,0,0,0
20160820,0.006835,0.006839,0.006310,0.006537,104600,0,0,0
20160821,0.006495,0.006607,0.006222,0.006325,85870,0,0,0
20160822,0.006331,0.006430,0.006155,0.006214,111892,0,0,0
20160823,0.006185,0.006268,0.005441,0.005559,195676,0,0,0
20160824,0.005620,0.005774,0.005530,0.005764,68332,0,0,0
20160825,0.005758,0.006045,0.005703,0.005867,132621,0,0,0
20160826,0.005886,0.006129,0.005854,0.005858,93546,0,0,0
20160827,0.005858,0.005859,0.005508,0.005711,170161,0,0,0
20160828,0.005710,0.006038,0.005542,0.005945,240770,0,0,0
20160829,0.005927,0.006012,0.005779,0.005828,118219,0,0,0
20160830,0.005853,0.005946,0.005759,0.005867,95943,0,0,0
20160831,0.005868,0.005888,0.005529,0.005698,159010,0,0,0
20160901,0.005699,0.005761,0.005459,0.005569,121379,0,0,0
20160902,0.005587,0.005818,0.005542,0.005618,69772,0,0,0
20160903,0.005583,0.005795,0.005552,0.005725,91693,0,0,0
20160904,0.005728,0.005758,0.005532,0.005647,114152,0,0,0
20160905,0.005648,0.005726,0.005525,0.005724,80711,0,0,0
20160906,0.005725,0.005768,0.005419,0.005703,151265,0,0,0
20160907,0.005703,0.006035,0.005526,0.005700,167523,0,0,0
20160908,0.005700,0.005744,0.005592,0.005664,82533,0,0,0
20160909,0.005663,0.006373,0.005591,0.006211,193607,0,0,0
20160910,0.006114,0.006172,0.005760,0.005874,122676,0,0,0
20160911,0.005898,0.005995,0.005713,0.005716,53542,0,0,0
20160912,0.005715,0.005807,0.005578,0.005736,60043,0,0,0
20160913,0.005738,0.005918,0.005692,0.005876,40218,0,0,0
20160914,0.005845,0.005871,0.005682,0.005695,38958,0,0,0
20160915,0.005694,0.005748,0.005533,0.005674,95900,0,0,0
20160916,0.005673,0.005703,0.005176,0.005499,178507,0,0,0
20160917,0.005499,0.005537,0.005230,0.005274,88160,0,0,0
20160918,0.005287,0.005319,0.005101,0.005174,106492,0,0,0
20160919,0.005155,0.005310,0.005123,0.005160,59635,0,0,0
20160920,0.005160,0.005292,0.005121,0.005127,44593,0,0,0
20160921,0.005211,0.005458,0.005078,0.005415,89011,0,0,0
20160922,0.005416,0.005527,0.005196,0.005299,56257,0,0,0
20160923,0.005297,0.005324,0.005122,0.005251,40640,0,0,0
20160924,0.005251,0.005282,0.005150,0.005167,16142,0,0,0
20160925,0.005167,0.005188,0.005011,0.005066,46872,0,0,0
20160926,0.005105,0.005169,0.004981,0.004988,78480,0,0,0
20160927,0.004987,0.005061,0.004556,0.004670,240493,0,0,0
20160928,0.004547,0.004779,0.004537,0.004617,132509,0,0,0
20160929,0.004620,0.004690,0.003839,0.004006,299521,0,0,0
20160930,0.004048,0.004622,0.004042,0.004366,185871,0,0,0
20161001,0.004374,0.004744,0.004374,0.004386,54594,0,0,0
20161002,0.004436,0.004512,0.004286,0.004311,23396,0,0,0
20161003,0.004343,0.004379,0.004222,0.004285,38939,0,0,0
20161004,0.004285,0.004446,0.004232,0.004256,54405,0,0,0
20161005,0.004256,0.004367,0.004219,0.004336,31162,0,0,0
20161006,0.004350,0.004439,0.004317,0.004399,26339,0,0,0
20161007,0.004398,0.004398,0.003829,0.004019,127648,0,0,0
20161008,0.004029,0.004066,0.003914,0.003955,66933,0,0,0
20161009,0.003953,0.003977,0.003825,0.003877,34308,0,0,0
20161010,0.003877,0.003884,0.003472,0.003546,142522,0,0,0
20161011,0.003547,0.004944,0.003508,0.004547,708261,0,0,0
20161012,0.004545,0.004582,0.003928,0.004045,168465,0,0,0
20161013,0.004045,0.004281,0.003943,0.004128,83166,0,0,0
20161014,0.004224,0.004560,0.004126,0.004275,112493,0,0,0
20161015,0.004275,0.004305,0.003973,0.004003,34639,0,0,0
20161016,0.003990,0.004074,0.003979,0.003988,13009,0,0,0
20161017,0.003989,0.003990,0.003657,0.003814,86945,0,0,0
20161018,0.003814,0.004154,0.003718,0.003875,34164,0,0,0
20161019,0.003875,0.004120,0.003771,0.003803,40187,0,0,0
20161020,0.003803,0.003835,0.003619,0.003738,70155,0,0,0
20161021,0.003747,0.003772,0.003641,0.003705,42624,0,0,0
20161022,0.003705,0.003781,0.003607,0.003745,29359,0,0,0
20161023,0.003747,0.003777,0.003610,0.003751,56694,0,0,0
20161024,0.003752,0.003974,0.003744,0.003879,56939,0,0,0
20161025,0.003879,0.004202,0.003859,0.003908,103055,0,0,0
20161026,0.003909,0.004026,0.003778,0.003810,36509,0,0,0
20161027,0.003809,0.003983,0.003809,0.003936,48702,0,0,0
20161028,0.003937,0.003937,0.003696,0.003743,61909,0,0,0
20161029,0.003744,0.003781,0.003256,0.003496,113046,0,0,0
20161030,0.003495,0.003851,0.003374,0.003712,46940,0,0,0
20161031,0.003718,0.003819,0.003591,0.003629,41132,0,0,0
20161101,0.003628,0.003977,0.003628,0.003828,86034,0,0,0
20161102,0.003829,0.003895,0.003736,0.003749,31717,0,0,0
20161103,0.003755,0.003788,0.003571,0.003664,52800,0,0,0
20161104,0.003665,0.003780,0.003652,0.003722,16777,0,0,0
20161105,0.003722,0.003979,0.003668,0.003885,92488,0,0,0
20161106,0.003885,0.003894,0.003662,0.003706,61509,0,0,0
20161107,0.003705,0.004153,0.003627,0.004125,83387,0,0,0
20161108,0.004138,0.004350,0.003835,0.004125,125635,0,0,0
20161109,0.004125,0.004142,0.003749,0.003923,87389,0,0,0
20161110,0.003923,0.004254,0.003912,0.004159,95765,0,0,0
20161111,0.004172,0.005277,0.004097,0.004867,498999,0,0,0
20161112,0.004750,0.005156,0.004612,0.004773,197376,0,0,0
20161113,0.004801,0.004996,0.004611,0.004647,121811,0,0,0
20161114,0.004591,0.004603,0.004248,0.004256,169961,0,0,0
20161115,0.004260,0.004407,0.004120,0.004192,109164,0,0,0
20161116,0.004191,0.004288,0.003842,0.003992,125417,0,0,0
20161117,0.004004,0.004084,0.003883,0.004021,98053,0,0,0
20161118,0.004020,0.004097,0.003910,0.004008,32246,0,0,0
20161119,0.004007,0.004057,0.003919,0.003993,25630,0,0,0
20161120,0.003994,0.004112,0.003802,0.003943,56805,0,0,0
20161121,0.003971,0.003971,0.003876,0.003937,10950,0,0,0
20161122,0.003943,0.003948,0.003712,0.003760,63397,0,0,0
20161123,0.003760,0.003804,0.003686,0.003707,22854,0,0,0
20161124,0.003704,0.003742,0.003573,0.003606,70388,0,0,0
20161125,0.003605,0.003632,0.003528,0.003592,27450,0,0,0
20161126,0.003592,0.003942,0.003556,0.003668,80513,0,0,0
20161127,0.003694,0.003924,0.003629,0.003671,50158,0,0,0
20161128,0.003671,0.003820,0.003643,0.003747,25164,0,0,0
20161129,0.003748,0.003805,0.003710,0.003754,26742,0,0,0
20161130,0.003753,0.003765,0.003684,0.003717,12622,0,0,0
20161201,0.003717,0.003756,0.003610,0.003646,47370,0,0,0
20161202,0.003636,0.003666,0.003412,0.003505,112369,0,0,0
20161203,0.003505,0.003587,0.003447,0.003450,33408,0,0,0
20161204,0.003450,0.003578,0.003408,0.003563,14388,0,0,0
20161205,0.003565,0.003572,0.003299,0.003311,41901,0,0,0
20161206,0.003311,0.003345,0.003079,0.003207,114567,0,0,0
20161207,0.003208,0.003475,0.003174,0.003439,90073,0,0,0
20161208,0.003468,0.003480,0.003286,0.003332,38625,0,0,0
20161209,0.003331,0.003363,0.003205,0.003265,41814,0,0,0
20161210,0.003248,0.003483,0.003216,0.003348,28807,0,0,0
20161211,0.003348,0.003440,0.003276,0.003440,17412,0,0,0
20161212,0.003440,0.003443,0.003351,0.003370,9717,0,0,0
20161213,0.003369,0.003420,0.003309,0.003313,15639,0,0,0
20161214,0.003310,0.003516,0.003287,0.003408,24447,0,0,0
20161215,0.003401,0.003552,0.003377,0.003405,26255,0,0,0
20161216,0.003404,0.003596,0.003398,0.003596,41678,0,0,0
20161217,0.003596,0.003659,0.003520,0.003627,32836,0,0,0
20161218,0.003627,0.003996,0.003584,0.003819,100644,0,0,0
20161219,0.003820,0.003987,0.003694,0.003743,107734,0,0,0
20161220,0.003743,0.003816,0.003708,0.003731,31798,0,0,0
20161221,0.003731,0.003751,0.003471,0.003488,60202,0,0,0
20161222,0.003493,0.003709,0.003479,0.003600,87629,0,0,0
20161223,0.003600,0.003822,0.003415,0.003524,122783,0,0,0
20161224,0.003529,0.003652,0.003390,0.003548,99398,0,0,0
20161225,0.003549,0.003731,0.003474,0.003606,49233,0,0,0
20161226,0.003588,0.003643,0.003500,0.003575,32883,0,0,0
20161227,0.003578,0.003640,0.003317,0.003392,80148,0,0,0
20161228,0.003399,0.003627,0.003288,0.003627,87826,0,0,0
20161229,0.003627,0.003795,0.003445,0.003726,64921,0,0,0
20161230,0.003740,0.003820,0.003565,0.003793,101380,0,0,0
20161231,0.003793,0.003804,0.003644,0.003676,26284,0,0,0
20170101,0.003676,0.003718,0.003410,0.003440,78880,0,0,0
20170102,0.003445,0.003556,0.003341,0.003377,106864,0,0,0
20170103,0.003377,0.003595,0.003357,0.003573,70691,0,0,0
20170104,0.003572,0.003766,0.003506,0.003766,347165,0,0,0
20170105,0.003792,0.004058,0.003226,0.003638,566753,0,0,0
20170106,0.003633,0.003669,0.003180,0.003329,184896,0,0,0
20170107,0.003317,0.003508,0.003069,0.003508,289376,0,0,0
20170108,0.003508,0.003550,0.003351,0.003421,82314,0,0,0
20170109,0.003424,0.003661,0.003359,0.003608,99833,0,0,0
20170110,0.003606,0.003668,0.003493,0.003601,75660,0,0,0
20170111,0.003601,0.003628,0.003199,0.003297,115847,0,0,0
20170112,0.003294,0.003592,0.003231,0.003489,104014,0,0,0
20170113,0.003487,0.003680,0.003375,0.003592,84278,0,0,0
20170114,0.003601,0.003736,0.003526,0.003720,66880,0,0,0
20170115,0.003719,0.003740,0.003541,0.003667,72802,0,0,0
20170116,0.003667,0.003777,0.003620,0.003669,27101,0,0,0
20170117,0.003669,0.003741,0.003512,0.003524,106348,0,0,0
20170118,0.003528,0.003620,0.003456,0.003552,84317,0,0,0
20170119,0.003551,0.003642,0.003496,0.003585,53326,0,0,0
20170120,0.003583,0.003688,0.003532,0.003545,61333,0,0,0
20170121,0.003545,0.003720,0.003545,0.003691,46416,0,0,0
20170122,0.003686,0.003751,0.003603,0.003696,47775,0,0,0
20170123,0.003699,0.003762,0.003620,0.003689,67803,0,0,0
20170124,0.003693,0.004033,0.003687,0.003902,69622,0,0,0
20170125,0.003903,0.004964,0.003838,0.004543,227633,0,0,0
20170126,0.004549,0.005303,0.004326,0.005204,503776,0,0,0
20170127,0.005198,0.006032,0.004955,0.004994,624751,0,0,0
20170128,0.005000,0.005171,0.004775,0.004815,223403,0,0,0
20170129,0.004822,0.005563,0.004778,0.005164,286060,0,0,0
20170130,0.005173,0.005264,0.005078,0.005252,99034,0,0,0
20170131,0.005250,0.005364,0.005097,0.005237,175057,0,0,0
20170201,0.005244,0.005488,0.005224,0.005487,103152,0,0,0
20170202,0.005487,0.006426,0.005384,0.006294,293401,0,0,0
20170203,0.006294,0.007194,0.006294,0.006938,570173,0,0,0
20170204,0.006950,0.007404,0.006823,0.007173,439713,0,0,0
20170205,0.007187,0.007193,0.006171,0.006389,470994,0,0,0
20170206,0.006390,0.006461,0.005789,0.006039,345827,0,0,0
20170207,0.006044,0.007235,0.006044,0.006917,521704,0,0,0
20170208,0.007036,0.007086,0.006529,0.006661,301717,0,0,0
20170209,0.006673,0.006776,0.006024,0.006323,268138,0,0,0
20170210,0.006308,0.006353,0.005811,0.006338,177550,0,0,0
20170211,0.006335,0.006992,0.006284,0.006992,180360,0,0,0
20170212,0.006976,0.007089,0.006881,0.006900,231800,0,0,0
20170213,0.006910,0.007009,0.006462,0.006635,254472,0,0,0
20170214,0.006601,0.006807,0.006536,0.006730,117528,0,0,0
20170215,0.006729,0.007093,0.006683,0.007093,115753,0,0,0
20170216,0.007081,0.007199,0.006974,0.007039,219826,0,0,0
20170217,0.007029,0.007139,0.006929,0.007113,174473,0,0,0
20170218,0.007128,0.007214,0.006615,0.006863,170619,0,0,0
20170219,0.006863,0.006891,0.006299,0.006352,268886,0,0,0
20170220,0.006387,0.006737,0.006310,0.006559,161699,0,0,0
20170221,0.006541,0.006554,0.006099,0.006326,170227,0,0,0
20170222,0.006307,0.006504,0.006302,0.006388,91865,0,0,0
20170223,0.006378,0.007016,0.006376,0.006853,121469,0,0,0
20170224,0.006877,0.006921,0.006444,0.006571,145516,0,0,0
20170225,0.006555,0.006629,0.006198,0.006340,148274,0,0,0
20170226,0.006344,0.006554,0.006320,0.006447,84192,0,0,0
20170227,0.006457,0.006535,0.006372,0.006415,101345,0,0,0
20170228,0.006410,0.007058,0.006391,0.007034,189363,0,0,0
20170301,0.007013,0.008324,0.007013,0.007850,588949,0,0,0
20170302,0.007874,0.008965,0.007768,0.008818,442488,0,0,0
20170303,0.008797,0.010200,0.008443,0.008887,937683,0,0,0
20170304,0.008884,0.009639,0.008815,0.009567,392398,0,0,0
20170305,0.009596,0.011465,0.009329,0.011338,711024,0,0,0
20170306,0.011066,0.012410,0.010495,0.010823,1425140,0,0,0
20170307,0.010956,0.011700,0.010604,0.010970,625104,0,0,0
20170308,0.010967,0.011031,0.009253,0.009314,834043,0,0,0
20170309,0.009302,0.009553,0.008741,0.009042,606455,0,0,0
20170310,0.009103,0.009898,0.008890,0.009141,562324,0,0,0
20170311,0.009063,0.010216,0.009007,0.009836,546893,0,0,0
20170312,0.009840,0.010282,0.009794,0.009894,476100,0,0,0
20170313,0.009909,0.011575,0.009909,0.010914,1096580,0,0,0
20170314,0.010944,0.011815,0.010886,0.011614,701027,0,0,0
20170315,0.011616,0.011724,0.011042,0.011237,497301,0,0,0
20170316,0.011268,0.011518,0.010640,0.011102,640608,0,0,0
20170317,0.011109,0.012009,0.010488,0.011788,829333,0,0,0
20170318,0.011541,0.012305,0.011261,0.011957,930344,0,0,0
20170319,0.011946,0.017394,0.011453,0.016474,2619470,0,0,0
20170320,0.016275,0.017497,0.013922,0.014328,2312320,0,0,0
20170321,0.014403,0.015973,0.013980,0.015800,1174180,0,0,0
20170322,0.015810,0.017653,0.015300,0.016312,1313950,0,0,0
20170323,0.016316,0.016700,0.014816,0.015020,801946,0,0,0
20170324,0.014918,0.015217,0.013790,0.013891,918205,0,0,0
20170325,0.013931,0.014144,0.012025,0.012710,1267940,0,0,0
20170326,0.012689,0.014127,0.012632,0.013527,602948,0,0,0
20170327,0.013598,0.013812,0.012871,0.013332,647927,0,0,0
20170328,0.013330,0.014019,0.012497,0.013647,440369,0,0,0
20170329,0.013594,0.014892,0.013265,0.014892,648006,0,0,0
20170330,0.014892,0.015137,0.013532,0.014036,496073,0,0,0
20170331,0.013967,0.015281,0.013967,0.014928,691479,0,0,0
20170401,0.014921,0.019151,0.014803,0.017632,2447890,0,0,0
20170402,0.017555,0.018228,0.016028,0.016086,1424000,0,0,0
20170403,0.016130,0.022290,0.016130,0.020000,3046200,0,0,0
20170404,0.019975,0.019975,0.017202,0.018258,1116120,0,0,0
20170405,0.018288,0.018327,0.016803,0.017454,703122,0,0,0
20170406,0.017481,0.017954,0.015952,0.016597,876617,0,0,0
20170407,0.016591,0.017712,0.016456,0.016876,537684,0,0,0
20170408,0.016816,0.019124,0.016652,0.018439,566747,0,0,0
20170409,0.018457,0.021084,0.018394,0.020015,1427210,0,0,0
20170410,0.020442,0.021617,0.019866,0.020881,935290,0,0,0
20170411,0.020727,0.021008,0.019627,0.019801,624476,0,0,0
20170412,0.019713,0.020753,0.019696,0.020753,352057,0,0,0
20170413,0.020804,0.021879,0.020355,0.021136,913704,0,0,0
20170414,0.021204,0.022174,0.021071,0.022076,646718,0,0,0
20170415,0.021961,0.026277,0.021820,0.024322,3447680,0,0,0
20170416,0.024510,0.024600,0.023422,0.024114,1125710,0,0,0
20170417,0.024184,0.026236,0.023969,0.026132,1170530,0,0,0
20170418,0.026155,0.028407,0.025902,0.028338,1941180,0,0,0
20170419,0.028398,0.040435,0.028367,0.032498,11247000,0,0,0
20170420,0.032502,0.033900,0.027506,0.028481,3557250,0,0,0
20170421,0.028320,0.032971,0.027447,0.032971,3036720,0,0,0
20170422,0.032812,0.033698,0.030871,0.031970,2138240,0,0,0
20170423,0.032087,0.032087,0.029898,0.031441,1484040,0,0,0
20170424,0.031379,0.034309,0.030738,0.034198,2517040,0,0,0
20170425,0.034407,0.039040,0.033989,0.037436,5342870,0,0,0
20170426,0.037425,0.050294,0.036775,0.049937,13731300,0,0,0
20170427,0.049987,0.055736,0.043144,0.046975,21176600,0,0,0
20170428,0.046927,0.049106,0.041503,0.048639,7871700,0,0,0
20170429,0.048514,0.051016,0.047728,0.048039,4997420,0,0,0
20170430,0.047996,0.051408,0.047989,0.050966,4804860,0,0,0
20170501,0.051264,0.056378,0.048148,0.052053,9305290,0,0,0
20170502,0.052759,0.053667,0.046185,0.051829,5264940,0,0,0
20170503,0.051709,0.054657,0.051376,0.052956,3604820,0,0,0
20170504,0.053315,0.065120,0.053231,0.063401,10730500,0,0,0
20170505,0.063415,0.081118,0.063415,0.072928,16512500,0,0,0
20170506,0.072712,0.076279,0.069765,0.073401,6168840,0,0,0
20170507,0.073338,0.103182,0.071316,0.099328,21352200,0,0,0
20170508,0.099424,0.148511,0.097185,0.118875,43509000,0,0,0
20170509,0.124593,0.135710,0.096900,0.111753,21064200,0,0,0
20170510,0.116019,0.120999,0.104831,0.111377,10328900,0,0,0
20170511,0.111270,0.116890,0.104494,0.109908,7214730,0,0,0
20170512,0.109394,0.132912,0.109139,0.130036,12794300,0,0,0
20170513,0.131123,0.132988,0.115734,0.127062,9053670,0,0,0
20170514,0.127535,0.130717,0.122602,0.125946,6278030,0,0,0
20170515,0.125736,0.127434,0.117503,0.117825,8761660,0,0,0
20170516,0.117196,0.121158,0.105600,0.107400,14914200,0,0,0
20170517,0.105303,0.123851,0.097050,0.120358,13923900,0,0,0
20170518,0.120129,0.214931,0.120129,0.214931,72737900,0,0,0
20170519,0.221122,0.269820,0.194595,0.212863,73752700,0,0,0
20170520,0.213470,0.251969,0.201830,0.225015,28870600,0,0,0
20170521,0.225566,0.253217,0.219717,0.244041,22914700,0,0,0
20170522,0.243594,0.293140,0.219388,0.259399,33772700,0,0,0
20170523,0.260135,0.273548,0.246607,0.265100,19114200,0,0,0
20170524,0.266879,0.274258,0.220504,0.261565,23787600,0,0,0
20170525,0.261542,0.261542,0.197161,0.206736,24245600,0,0,0
20170526,0.204998,0.239563,0.172858,0.182618,20842000,0,0,0
20170527,0.181294,0.198840,0.118976,0.198840,28283500,0,0,0
20170528,0.202523,0.227585,0.175700,0.208126,19680000,0,0,0
20170529,0.206308,0.214855,0.193927,0.208717,9990310,0,0,0
20170530,0.208259,0.226354,0.186042,0.186042,13067800,0,0,0
20170531,0.185792,0.209011,0.177018,0.202065,13405700,0,0,0
20170601,0.202110,0.237950,0.202110,0.230595,16924700,0,0,0
20170602,0.230059,0.233015,0.218886,0.227844,13133400,0,0,0
20170603,0.226646,0.231624,0.205723,0.215075,13544800,0,0,0
20170604,0.216053,0.220646,0.212064,0.215562,10367500,0,0,0
20170605,0.216285,0.245374,0.216285,0.236163,22743200,0,0,0
20170606,0.236077,0.239606,0.223059,0.233988,12949100,0,0,0
20170607,0.233983,0.235074,0.203216,0.209825,12271700,0,0,0
20170608,0.206673,0.223683,0.199805,0.219575,11301000,0,0,0
20170609,0.218961,0.227607,0.215685,0.215685,11839500,0,0,0
20170610,0.217600,0.228979,0.201653,0.202606,20436700,0,0,0
20170611,0.201793,0.229384,0.199303,0.218017,17539500,0,0,0
20170612,0.218014,0.243983,0.193606,0.202731,19158000,0,0,0
20170613,0.201806,0.213874,0.197209,0.210863,11999300,0,0,0
20170614,0.210344,0.231208,0.190335,0.201501,19994300,0,0,0
20170615,0.200669,0.202835,0.166818,0.194843,11938800,0,0,0
20170616,0.195379,0.199140,0.183913,0.192579,7807150,0,0,0
20170617,0.192920,0.218746,0.190034,0.204418,19853500,0,0,0
20170618,0.206264,0.206264,0.194857,0.198033,8272620,0,0,0
20170619,0.198000,0.202734,0.193783,0.195966,10282000,0,0,0
20170620,0.195556,0.212819,0.190185,0.199343,17721300,0,0,0
20170621,0.200239,0.200701,0.187780,0.191312,7562060,0,0,0
20170622,0.191169,0.192539,0.180976,0.182819,5643220,0,0,0
20170623,0.182884,0.199321,0.180654,0.197522,6104580,0,0,0
20170624,0.197523,0.202603,0.183523,0.186160,8007700,0,0,0
20170625,0.185278,0.188513,0.168855,0.177182,6781830,0,0,0
20170626,0.177549,0.179266,0.145942,0.162366,8615680,0,0,0
20170627,0.162366,0.169999,0.140698,0.163454,5954270,0,0,0
20170628,0.164123,0.178329,0.155272,0.170694,7495030,0,0,0
20170629,0.171167,0.176060,0.159967,0.163684,4851220,0,0,0
20170630,0.163810,0.168455,0.158076,0.159532,4116550,0,0,0
20170701,0.159596,0.161146,0.143427,0.145722,3496010,0,0,0
20170702,0.145254,0.159311,0.144208,0.159311,5179360,0,0,0
20170703,0.159409,0.179955,0.157027,0.176653,5657780,0,0,0
20170704,0.176291,0.196651,0.173222,0.188350,12967300,0,0,0
20170705,0.187231,0.188008,0.172970,0.174562,3884360,0,0,0
20170706,0.174378,0.175928,0.165406,0.169307,3867280,0,0,0
20170707,0.169279,0.170986,0.153475,0.156905,4444970,0,0,0
20170708,0.155875,0.159254,0.148550,0.158505,4663310,0,0,0
20170709,0.158776,0.161705,0.152559,0.152993,2789610,0,0,0
20170710,0.153407,0.159147,0.115212,0.132048,5462570,0,0,0
20170711,0.134770,0.139311,0.114620,0.119303,4746410,0,0,0
20170712,0.117615,0.134940,0.113056,0.133841,3307920,0,0,0
20170713,0.134372,0.140788,0.115842,0.122953,3135620,0,0,0
20170714,0.122708,0.124328,0.110816,0.117498,2077230,0,0,0
20170715,0.117492,0.117726,0.105906,0.111478,3213760,0,0,0
20170716,0.111093,0.113553,0.090656,0.097294,2583610,0,0,0
20170717,0.097432,0.133729,0.097432,0.133729,4458730,0,0,0
20170718,0.135869,0.143669,0.117831,0.132327,5351550,0,0,0
20170719,0.131952,0.137796,0.123911,0.126825,2800440,0,0,0
20170720,0.126759,0.160815,0.126759,0.152087,3545910,0,0,0
20170721,0.153860,0.154725,0.138796,0.143792,2788780,0,0,0
20170722,0.143531,0.177907,0.142594,0.176768,5211550,0,0,0
20170723,0.176729,0.183786,0.155718,0.166136,5915450,0,0,0
20170724,0.165990,0.169717,0.158776,0.169644,2995870,0,0,0
20170725,0.169655,0.178049,0.144687,0.158206,6075320,0,0,0
20170726,0.157898,0.162653,0.147928,0.156463,2508770,0,0,0
20170727,0.156868,0.176017,0.156234,0.170475,5341670,0,0,0
20170728,0.171214,0.174978,0.159316,0.165774,5062930,0,0,0
20170729,0.165367,0.170197,0.157418,0.170197,2496500,0,0,0
20170730,0.170664,0.173171,0.160306,0.160500,2475570,0,0,0
20170731,0.160815,0.167028,0.159838,0.165068,2892660,0,0,0
20170801,0.165605,0.181925,0.162108,0.181054,3956940,0,0,0
20170802,0.181929,0.223149,0.181929,0.219719,14489000,0,0,0
20170803,0.221187,0.242042,0.214465,0.226890,14302400,0,0,0
20170804,0.227617,0.231129,0.212356,0.224240,7870620,0,0,0
20170805,0.224013,0.235452,0.221933,0.228656,7322590,0,0,0
20170806,0.229195,0.248318,0.221731,0.248318,5886540,0,0,0
20170807,0.251203,0.286137,0.247398,0.280321,23044000,0,0,0
20170808,0.281566,0.304006,0.255855,0.275143,21374100,0,0,0
20170809,0.274303,0.281374,0.256870,0.279883,10081100,0,0,0
20170810,0.278902,0.298721,0.278217,0.294135,11712700,0,0,0
20170811,0.293714,0.299878,0.279191,0.295213,8241000,0,0,0
20170812,0.293965,0.296601,0.270816,0.278085,6159860,0,0,0
20170813,0.277406,0.280045,0.252924,0.257339,8310080,0,0,0
20170814,0.256873,0.271702,0.230571,0.256048,12505500,0,0,0
20170815,0.256281,0.256357,0.224459,0.247928,12637400,0,0,0
20170816,0.249098,0.271480,0.246080,0.258012,10039900,0,0,0
20170817,0.256625,0.261976,0.240417,0.244955,6487950,0,0,0
20170818,0.244020,0.258577,0.233091,0.243244,7653200,0,0,0
20170819,0.242342,0.268660,0.227810,0.256137,9197000,0,0,0
20170820,0.254106,0.308286,0.253636,0.271441,13189900,0,0,0
20170821,0.271799,0.293674,0.239623,0.252456,13775000,0,0,0
20170822,0.254965,0.262755,0.239185,0.254089,10350500,0,0,0
20170823,0.253980,0.258227,0.239639,0.249603,8303140,0,0,0
20170824,0.250082,0.270494,0.248789,0.265512,10249000,0,0,0
20170825,0.262673,0.285780,0.256545,0.270482,8676560,0,0,0
20170826,0.269620,0.276365,0.260447,0.268393,7902690,0,0,0
20170827,0.270562,0.280701,0.264681,0.274641,8192460,0,0,0
20170828,0.274706,0.288868,0.271786,0.278257,9644680,0,0,0
20170829,0.280268,0.287156,0.278896,0.283717,7845260,0,0,0
20170830,0.282948,0.298444,0.281908,0.295817,8605120,0,0,0
20170831,0.295006,0.349178,0.294677,0.337213,22669900,0,0,0
20170901,0.336602,0.337780,0.312575,0.332310,12082700,0,0,0
20170902,0.331627,0.332056,0.283507,0.295884,9560410,0,0,0
20170903,0.298170,0.320628,0.285382,0.307264,7413990,0,0,0
20170904,0.307735,0.310661,0.256488,0.273220,9299200,0,0,0
20170905,0.276383,0.292048,0.250638,0.286227,7635410,0,0,0
20170906,0.287124,0.314433,0.287124,0.301941,4629700,0,0,0
20170907,0.301906,0.301906,0.289956,0.293376,4079350,0,0,0
20170908,0.292974,0.300808,0.255711,0.268641,6704690,0,0,0
20170909,0.267915,0.275212,0.255970,0.267264,4871730,0,0,0
20170910,0.266973,0.267149,0.241617,0.256975,6543570,0,0,0
20170911,0.256016,0.269572,0.250612,0.252026,3639410,0,0,0
20170912,0.251443,0.266750,0.246736,0.249074,3902820,0,0,0
20170913,0.247999,0.248191,0.210855,0.233825,9181580,0,0,0
20170914,0.233723,0.236688,0.164254,0.164254,7570880,0,0,0
20170915,0.164483,0.220357,0.162399,0.211752,13231800,0,0,0
20170916,0.211927,0.225758,0.194760,0.207831,5334960,0,0,0
20170917,0.207979,0.208270,0.193608,0.204067,4402470,0,0,0
20170918,0.204058,0.249752,0.203937,0.248516,6232240,0,0,0
20170919,0.249597,0.253409,0.233149,0.237664,5278220,0,0,0
20170920,0.237940,0.238537,0.230744,0.231746,3008920,0,0,0
20170921,0.230329,0.232441,0.207507,0.210871,3361070,0,0,0
20170922,0.211115,0.221398,0.202801,0.210635,2929650,0,0,0
20170923,0.209955,0.223213,0.208390,0.222205,1997070,0,0,0
20170924,0.221619,0.222573,0.213723,0.216154,2016530,0,0,0
20170925,0.216117,0.234793,0.215455,0.232506,2800870,0,0,0
20170926,0.232249,0.233270,0.225479,0.228646,2282950,0,0,0
20170927,0.228100,0.246097,0.227535,0.243301,3733480,0,0,0
20170928,0.243626,0.244629,0.234775,0.238268,3738470,0,0,0
20170929,0.238155,0.239069,0.220942,0.237538,5254500,0,0,0
20170930,0.236294,0.238731,0.231777,0.235162,3376060,0,0,0
20171001,0.235614,0.246768,0.230906,0.246180,4232170,0,0,0
20171002,0.245185,0.245379,0.229043,0.231441,3983190,0,0,0
20171003,0.231024,0.234681,0.220736,0.222740,3327450,0,0,0
20171004,0.223357,0.225225,0.217161,0.218456,2401820,0,0,0
20171005,0.218145,0.219790,0.207328,0.211072,4460130,0,0,0
20171006,0.211733,0.219321,0.202468,0.211324,5122770,0,0,0
20171007,0.211943,0.220904,0.203580,0.212189,4376190,0,0,0
20171008,0.210679,0.212707,0.193791,0.194807,4830460,0,0,0
20171009,0.194760,0.207524,0.191194,0.194931,6003100,0,0,0
20171010,0.193943,0.220043,0.193943,0.209909,5169550,0,0,0
20171011,0.210324,0.221003,0.208849,0.214811,2753270,0,0,0
20171012,0.214797,0.215428,0.202472,0.206147,4425210,0,0,0
20171013,0.205702,0.213539,0.194287,0.211569,5996320,0,0,0
20171014,0.211723,0.213414,0.204445,0.210581,3189400,0,0,0
20171015,0.210710,0.211642,0.198529,0.207300,2933540,0,0,0
20171016,0.206955,0.251225,0.205047,0.223181,14101500,0,0,0
20171017,0.224199,0.235004,0.214333,0.218207,4990440,0,0,0
20171018,0.217380,0.220582,0.204842,0.220316,3409140,0,0,0
20171019,0.219728,0.230490,0.218465,0.220531,3383330,0,0,0
20171020,0.220943,0.230570,0.215075,0.215947,4936400,0,0,0
20171021,0.216010,0.217060,0.200346,0.212676,4326590,0,0,0
20171022,0.213296,0.219752,0.200805,0.211949,4615270,0,0,0
20171023,0.211283,0.212219,0.194769,0.199053,4987880,0,0,0
20171024,0.197404,0.216699,0.191158,0.212616,5808170,0,0,0
20171025,0.212028,0.214658,0.201686,0.206495,4171090,0,0,0
20171026,0.205685,0.207135,0.194916,0.199005,4683120,0,0,0
20171027,0.199349,0.200953,0.194800,0.197940,3603110,0,0,0
20171028,0.197981,0.205234,0.193193,0.197236,4671300,0,0,0
20171029,0.197333,0.209081,0.192299,0.201337,8599400,0,0,0
20171030,0.200239,0.203730,0.196393,0.200415,3529450,0,0,0
20171031,0.199406,0.201302,0.183521,0.186771,6031700,0,0,0
20171101,0.186957,0.188424,0.164959,0.166645,6190340,0,0,0
20171102,0.166398,0.181257,0.150936,0.166887,8706750,0,0,0
20171103,0.166597,0.180035,0.160413,0.171728,5802310,0,0,0
20171104,0.171515,0.177597,0.168393,0.170845,4231960,0,0,0
20171105,0.170760,0.180309,0.162022,0.180309,4400860,0,0,0
20171106,0.181340,0.208050,0.174593,0.186642,11718500,0,0,0
20171107,0.186479,0.186945,0.173960,0.180246,4822430,0,0,0
20171108,0.179285,0.197062,0.177652,0.194292,6757370,0,0,0
20171109,0.193797,0.221762,0.189496,0.220927,7388760,0,0,0
20171110,0.221480,0.235801,0.185654,0.192903,10625300,0,0,0
20171111,0.192005,0.208632,0.184363,0.192428,6940500,0,0,0
20171112,0.191179,0.191179,0.165319,0.180406,12126100,0,0,0
20171113,0.180876,0.203314,0.180023,0.192662,7806090,0,0,0
20171114,0.192122,0.195692,0.187637,0.194469,7941780,0,0,0
20171115,0.195403,0.200809,0.193040,0.193879,6978990,0,0,0
20171116,0.194276,0.211213,0.191441,0.196787,16058700,0,0,0
20171117,0.196707,0.198684,0.189507,0.192635,8216410,0,0,0
20171118,0.193471,0.196701,0.190190,0.196271,7023070,0,0,0
20171119,0.195153,0.206570,0.194297,0.201947,8200280,0,0,0
20171120,0.201814,0.219343,0.200439,0.213041,13657600,0,0,0
20171121,0.212540,0.214654,0.199799,0.202712,9636650,0,0,0
20171122,0.203437,0.207591,0.200102,0.203891,6838830,0,0,0
20171123,0.204135,0.205990,0.199126,0.201437,8567770,0,0,0
20171124,0.201313,0.209309,0.198506,0.209109,7556740,0,0,0
20171125,0.209116,0.220652,0.207381,0.218506,10943300,0,0,0
20171126,0.218241,0.221228,0.208544,0.213886,12589900,0,0,0
20171127,0.214011,0.226282,0.212362,0.226282,12795400,0,0,0
20171128,0.226620,0.256873,0.226511,0.248682,35746900,0,0,0
20171129,0.257880,0.268690,0.210000,0.218286,33439400,0,0,0
20171130,0.218399,0.241916,0.210180,0.226677,16258700,0,0,0
20171201,0.225486,0.239571,0.214192,0.239571,12371200,0,0,0
20171202,0.239910,0.259270,0.239276,0.252322,23297000,0,0,0
20171203,0.251818,0.285787,0.249055,0.275915,44340300,0,0,0
20171204,0.277127,0.288380,0.265620,0.285884,19193300,0,0,0
20171205,0.285916,0.309784,0.274161,0.301329,27918500,0,0,0
20171206,0.299700,0.299700,0.259649,0.270295,29788400,0,0,0
20171207,0.271419,0.275660,0.230922,0.236283,30563700,0,0,0
20171208,0.235038,0.656789,0.219179,0.639449,267451000,0,0,0
20171209,0.684188,0.684188,0.385252,0.445482,211103000,0,0,0
20171210,0.444702,0.444702,0.334256,0.393966,77311800,0,0,0
20171211,0.393920,0.504022,0.393920,0.490530,71627100,0,0,0
20171212,0.495342,0.574211,0.461091,0.534018,106068000,0,0,0
20171213,0.529258,0.556306,0.499614,0.523858,56148600,0,0,0
20171214,0.535965,0.616128,0.515254,0.610045,87375200,0,0,0
20171215,0.601422,0.610192,0.503800,0.592682,69296200,0,0,0
20171216,0.587655,0.716328,0.578899,0.657999,99889000,0,0,0
20171217,0.656408,0.747824,0.644132,0.687827,83063900,0,0,0
20171218,0.686663,0.846193,0.684549,0.846193,114759000,0,0,0
20171219,0.851390,1.06,0.851390,0.942962,242843000,0,0,0
20171220,0.941401,1.04,0.815750,0.918996,119243000,0,0,0
20171221,0.949966,1.05,0.913511,0.998102,112835000,0,0,0
20171222,1.01,1.03,0.592709,0.816177,187781000,0,0,0
20171223,0.836646,0.997663,0.820264,0.927166,77666400,0,0,0
20171224,0.940283,1.04,0.787298,1.04,98134100,0,0,0
20171225,1.04,1.14,0.945585,1.01,122425000,0,0,0
20171226,0.999341,1.01,0.925547,0.988380,65543300,0,0,0
20171227,0.983616,0.994182,0.909545,0.944464,53708400,0,0,0
20171228,0.944310,0.952824,0.841534,0.909741,52492700,0,0,0
20171229,0.912620,1.06,0.890231,1.06,105782000,0,0,0
20171230,1.05,1.05,0.893058,0.926883,73225300,0,0,0
20171231,0.917415,1.08,0.909489,1.03,69870100,0,0,0
20180101,1.04,1.08,1.00,1.04,58202800,0,0,0
20180102,1.04,1.20,1.03,1.16,108186000,0,0,0
20180103,1.15,1.80,1.15,1.79,265016000,0,0,0
20180104,1.84,2.09,1.54,1.64,332371000,0,0,0
20180105,1.69,1.81,1.51,1.59,175192000,0,0,0
20180106,1.58,1.72,1.48,1.65,99451000,0,0,0
20180107,1.66,1.91,1.63,1.84,123173000,0,0,0
20180108,1.83,1.83,1.45,1.65,81479000,0,0,0
20180109,1.67,1.72,1.47,1.54,75343700,0,0,0
20180110,1.55,1.55,1.31,1.45,92956100,0,0,0
20180111,1.45,1.54,1.22,1.31,93279400,0,0,0
20180112,1.31,1.45,1.26,1.44,65119100,0,0,0
20180113,1.46,1.57,1.45,1.51,60099500,0,0,0
20180114,1.51,1.51,1.34,1.39,38628400,0,0,0
20180115,1.39,1.51,1.38,1.39,105495000,0,0,0
20180116,1.38,1.38,0.712555,1.03,198199000,0,0,0
20180117,0.976473,1.09,0.692197,1.02,166003000,0,0,0
20180118,1.03,1.17,0.957233,1.08,119459000,0,0,0
20180119,1.07,1.15,1.00,1.10,130817000,0,0,0
20180120,1.10,1.21,1.10,1.21,129900000,0,0,0
20180121,1.22,1.22,1.02,1.07,112542000,0,0,0
20180122,1.08,1.10,0.899927,0.991465,73947400,0,0,0
20180123,0.987091,1.01,0.877437,0.942383,67245800,0,0,0
20180124,0.947215,0.994965,0.907137,0.963750,57975100,0,0,0
20180125,0.973386,1.00,0.924831,0.949100,57845600,0,0,0
20180126,0.944931,1.02,0.765609,0.839974,174749000,0,0,0
20180127,0.843234,1.11,0.817192,1.06,237529000,0,0,0
20180128,1.06,1.06,1.01,1.03,83612400,0,0,0
20180129,1.03,1.03,0.923629,0.935431,47381700,0,0,0
20180130,0.935732,0.935732,0.776117,0.776491,47194000,0,0,0
20180131,0.785675,0.787938,0.737936,0.779857,50105100,0,0,0
20180201,0.791554,0.804491,0.614392,0.618265,46639300,0,0,0
20180202,0.613639,0.621158,0.440361,0.582652,54511900,0,0,0
20180203,0.584534,0.652762,0.512837,0.628795,42520900,0,0,0
20180204,0.627271,0.664819,0.536007,0.550870,41394700,0,0,0
20180205,0.548980,0.559763,0.440340,0.449672,28590400,0,0,0
20180206,0.455961,0.584200,0.397361,0.584200,50311400,0,0,0
20180207,0.582114,0.617025,0.521970,0.536718,59231300,0,0,0
