DATE,OPEN,HIGH,LOW,CLOSE,VOL,P,R,RINFO
20130804,0.005874,0.005927,0.005874,0.005882,-,0,0,0
20130805,0.005875,0.005980,0.005613,0.005613,-,0,0,0
20130806,0.005637,0.005661,0.004629,0.004680,-,0,0,0
20130807,0.004669,0.004682,0.004333,0.004417,-,0,0,0
20130808,0.004397,0.004424,0.004175,0.004254,-,0,0,0
20130809,0.004257,0.004367,0.004253,0.004291,-,0,0,0
20130810,0.004291,0.004366,0.004279,0.004314,-,0,0,0
20130811,0.004314,0.004421,0.004300,0.004415,-,0,0,0
20130812,0.004414,0.004520,0.004359,0.004449,-,0,0,0
20130813,0.004463,0.004463,0.004171,0.004245,-,0,0,0
20130814,0.004267,0.004267,0.003785,0.003788,-,0,0,0
20130815,0.003788,0.003804,0.003067,0.003092,-,0,0,0
20130816,0.003082,0.003162,0.002875,0.003134,-,0,0,0
20130817,0.003138,0.005684,0.003138,0.005671,-,0,0,0
20130818,0.005687,0.006263,0.005585,0.005617,-,0,0,0
20130819,0.005587,0.005839,0.005223,0.005260,-,0,0,0
20130820,0.005376,0.006158,0.005309,0.006098,-,0,0,0
20130821,0.006098,0.006349,0.005950,0.006131,-,0,0,0
20130822,0.006131,0.006138,0.005143,0.005143,-,0,0,0
20130823,0.005179,0.005232,0.004919,0.005139,-,0,0,0
20130824,0.005139,0.005603,0.005126,0.005546,-,0,0,0
20130825,0.005526,0.006148,0.005519,0.006104,-,0,0,0
20130826,0.006104,0.006507,0.006065,0.006417,-,0,0,0
20130827,0.006468,0.006936,0.006373,0.006452,-,0,0,0
20130828,0.006451,0.006463,0.006066,0.006246,-,0,0,0
20130829,0.006246,0.006246,0.005756,0.005763,-,0,0,0
20130830,0.005760,0.006264,0.005610,0.005930,-,0,0,0
20130831,0.005913,0.006081,0.005576,0.005632,-,0,0,0
20130901,0.005623,0.005872,0.005574,0.005787,-,0,0,0
20130902,0.005799,0.006115,0.005507,0.005528,-,0,0,0
20130903,0.005518,0.005693,0.005405,0.005670,-,0,0,0
20130904,0.005660,0.006276,0.005507,0.005695,-,0,0,0
20130905,0.005696,0.005991,0.005474,0.005715,-,0,0,0
20130906,0.005717,0.006151,0.005627,0.005866,-,0,0,0
20130907,0.005853,0.006270,0.005832,0.006173,-,0,0,0
20130908,0.006172,0.006304,0.006120,0.006183,-,0,0,0
20130909,0.006193,0.006552,0.006079,0.006270,-,0,0,0
20130910,0.006278,0.006332,0.005807,0.005808,-,0,0,0
20130911,0.005807,0.006393,0.005698,0.006273,-,0,0,0
20130912,0.006287,0.006442,0.006008,0.006349,-,0,0,0
20130913,0.006334,0.006720,0.006316,0.006513,-,0,0,0
20130914,0.006515,0.006550,0.006288,0.006340,-,0,0,0
20130915,0.006349,0.006516,0.006349,0.006472,-,0,0,0
20130916,0.006496,0.007080,0.006244,0.007056,-,0,0,0
20130917,0.007086,0.009658,0.007058,0.009613,-,0,0,0
20130918,0.009617,0.010871,0.009595,0.010782,-,0,0,0
20130919,0.010774,0.011151,0.010774,0.010958,-,0,0,0
20130920,0.010962,0.011142,0.010084,0.010113,-,0,0,0
20130921,0.010106,0.010123,0.009643,0.009700,-,0,0,0
20130922,0.009734,0.010552,0.009689,0.010406,-,0,0,0
20130923,0.010395,0.010698,0.009995,0.010008,-,0,0,0
20130924,0.010016,0.010467,0.010009,0.010448,-,0,0,0
20130925,0.010459,0.010728,0.010433,0.010433,-,0,0,0
20130926,0.010432,0.012094,0.010432,0.011713,-,0,0,0
20130927,0.011765,0.014675,0.011765,0.014566,-,0,0,0
20130928,0.014966,0.014966,0.013781,0.013835,-,0,0,0
20130929,0.013847,0.014254,0.012856,0.012868,-,0,0,0
20130930,0.012850,0.012850,0.010543,0.010932,-,0,0,0
20131001,0.010906,0.012447,0.010517,0.010529,-,0,0,0
20131002,0.010518,0.010518,0.007146,0.007862,-,0,0,0
20131003,0.007779,0.009112,0.007707,0.009112,-,0,0,0
20131004,0.008922,0.010013,0.008922,0.009873,-,0,0,0
20131005,0.009676,0.009750,0.009120,0.009488,-,0,0,0
20131006,0.009474,0.010599,0.009474,0.009819,-,0,0,0
20131007,0.009669,0.009669,0.009197,0.009240,-,0,0,0
20131008,0.009225,0.009749,0.009114,0.009451,-,0,0,0
20131009,0.009439,0.009747,0.009391,0.009663,-,0,0,0
20131010,0.009662,0.010115,0.009622,0.009861,-,0,0,0
20131011,0.009884,0.009893,0.008917,0.008970,-,0,0,0
20131012,0.008912,0.009408,0.008485,0.009382,-,0,0,0
20131013,0.009382,0.009410,0.008184,0.008412,-,0,0,0
20131014,0.008485,0.008760,0.008401,0.008489,-,0,0,0
20131015,0.008504,0.008504,0.007935,0.008051,-,0,0,0
20131016,0.008068,0.008131,0.007177,0.007305,-,0,0,0
20131017,0.007298,0.008415,0.007287,0.008343,-,0,0,0
20131018,0.008350,0.008432,0.007646,0.007942,-,0,0,0
20131019,0.007940,0.008024,0.006779,0.007252,-,0,0,0
20131020,0.007220,0.007570,0.006583,0.006700,-,0,0,0
20131021,0.006707,0.006932,0.006614,0.006634,-,0,0,0
20131022,0.006650,0.006954,0.006527,0.006845,-,0,0,0
20131023,0.006829,0.007873,0.006796,0.007873,-,0,0,0
20131024,0.007906,0.008813,0.006501,0.008596,-,0,0,0
20131025,0.008570,0.008746,0.006506,0.006860,-,0,0,0
20131026,0.006888,0.006888,0.005990,0.006064,-,0,0,0
20131027,0.006040,0.006842,0.006040,0.006842,-,0,0,0
20131028,0.006834,0.006834,0.005942,0.005942,-,0,0,0
20131029,0.005942,0.006000,0.005811,0.005998,-,0,0,0
20131030,0.006014,0.006209,0.005797,0.005854,-,0,0,0
20131031,0.005853,0.006093,0.005823,0.006073,-,0,0,0
20131101,0.006075,0.006356,0.006024,0.006353,-,0,0,0
20131102,0.006346,0.006849,0.006219,0.006814,-,0,0,0
20131103,0.006807,0.007383,0.006763,0.007160,-,0,0,0
20131104,0.007147,0.007450,0.006908,0.007011,-,0,0,0
20131105,0.007014,0.007305,0.006472,0.007150,-,0,0,0
20131106,0.007137,0.007832,0.007137,0.007776,-,0,0,0
20131107,0.007751,0.009046,0.007749,0.008939,-,0,0,0
20131108,0.008983,0.010776,0.008965,0.010722,-,0,0,0
20131109,0.010679,0.011129,0.008403,0.008653,-,0,0,0
20131110,0.008859,0.008907,0.007052,0.008609,-,0,0,0
20131111,0.008595,0.009302,0.008238,0.008681,-,0,0,0
20131112,0.008697,0.009568,0.008675,0.009557,-,0,0,0
20131113,0.009578,0.011666,0.009564,0.010846,-,0,0,0
20131114,0.010820,0.011191,0.009305,0.009646,-,0,0,0
20131115,0.009628,0.010115,0.009221,0.009685,-,0,0,0
20131116,0.009669,0.010429,0.009630,0.010140,-,0,0,0
20131117,0.010157,0.010670,0.009980,0.010209,-,0,0,0
20131118,0.010301,0.011719,0.009035,0.010918,-,0,0,0
20131119,0.010602,0.011881,0.005561,0.007225,-,0,0,0
20131120,0.007134,0.007547,0.005686,0.007467,-,0,0,0
20131121,0.007511,0.010080,0.007296,0.009935,-,0,0,0
20131122,0.009958,0.009980,0.008596,0.009717,-,0,0,0
20131123,0.009555,0.010547,0.009555,0.009798,-,0,0,0
20131124,0.009773,0.011812,0.009064,0.011668,-,0,0,0
20131125,0.011742,0.018444,0.011742,0.018208,-,0,0,0
20131126,0.018858,0.030395,0.018759,0.029913,-,0,0,0
20131127,0.029991,0.029991,0.022350,0.024096,-,0,0,0
20131128,0.027879,0.030111,0.027838,0.028981,-,0,0,0
20131129,0.029264,0.031561,0.028366,0.030986,-,0,0,0
20131130,0.030900,0.038386,0.030338,0.038386,-,0,0,0
20131201,0.039160,0.055029,0.039160,0.051497,-,0,0,0
20131202,0.052384,0.061268,0.052139,0.055252,-,0,0,0
20131203,0.055415,0.055415,0.048076,0.048672,-,0,0,0
20131204,0.048551,0.058846,0.048264,0.058692,-,0,0,0
20131205,0.058772,0.061445,0.048922,0.055153,-,0,0,0
20131206,0.055009,0.055009,0.042211,0.042211,-,0,0,0
20131207,0.042208,0.043590,0.031253,0.033066,-,0,0,0
20131208,0.032756,0.036869,0.031594,0.036456,-,0,0,0
20131209,0.036361,0.041491,0.035702,0.038930,-,0,0,0
20131210,0.038890,0.044174,0.038890,0.043784,-,0,0,0
20131211,0.043818,0.044342,0.036322,0.037937,-,0,0,0
20131212,0.038122,0.038832,0.034241,0.034650,-,0,0,0
20131213,0.034649,0.036897,0.033922,0.035145,-,0,0,0
20131214,0.035431,0.035431,0.031940,0.031940,-,0,0,0
20131215,0.032039,0.032039,0.028414,0.029137,-,0,0,0
20131216,0.029212,0.029276,0.020862,0.021565,-,0,0,0
20131217,0.021399,0.021612,0.018043,0.018313,-,0,0,0
20131218,0.017971,0.018571,0.012325,0.015852,-,0,0,0
20131219,0.015783,0.021546,0.015313,0.021073,-,0,0,0
20131220,0.021141,0.023279,0.019852,0.020851,-,0,0,0
20131221,0.020979,0.022572,0.020305,0.021684,-,0,0,0
20131222,0.021571,0.023839,0.020959,0.021716,-,0,0,0
20131223,0.021571,0.023965,0.021485,0.023702,-,0,0,0
20131224,0.023698,0.024124,0.022305,0.022575,-,0,0,0
20131225,0.022600,0.022600,0.021434,0.022042,-,0,0,0
20131226,0.022097,0.024891,0.022097,0.024385,-,0,0,0
20131227,0.024427,0.027123,0.023527,0.027076,148422,0,0,0
20131228,0.027554,0.028106,0.026629,0.027303,143404,0,0,0
20131229,0.027311,0.027535,0.026627,0.027218,56772,0,0,0
20131230,0.027055,0.027750,0.026985,0.027460,72634,0,0,0
20131231,0.027675,0.027738,0.027022,0.027330,63621,0,0,0
20140101,0.027365,0.027810,0.026815,0.026944,58533,0,0,0
20140102,0.027014,0.029430,0.026439,0.028726,128914,0,0,0
20140103,0.028789,0.029018,0.027320,0.027627,89780,0,0,0
20140104,0.027781,0.028371,0.026794,0.028129,60973,0,0,0
20140105,0.028098,0.029667,0.024890,0.025229,200438,0,0,0
20140106,0.025298,0.027385,0.024276,0.025700,184478,0,0,0
20140107,0.025799,0.026409,0.022986,0.022986,73761,0,0,0
20140108,0.022825,0.024723,0.022257,0.023227,82941,0,0,0
20140109,0.022996,0.023376,0.021195,0.022368,100357,0,0,0
20140110,0.022367,0.022903,0.021744,0.022837,64111,0,0,0
20140111,0.022721,0.024233,0.022575,0.024019,70390,0,0,0
20140112,0.024162,0.024396,0.022044,0.022044,42581,0,0,0
20140113,0.021961,0.021992,0.020657,0.021664,15328,0,0,0
20140114,0.021724,0.022000,0.021032,0.021186,41916,0,0,0
20140115,0.021182,0.022394,0.021122,0.022221,25189,0,0,0
20140116,0.022205,0.022343,0.021024,0.021024,58851,0,0,0
20140117,0.020990,0.021148,0.020098,0.020530,72572,0,0,0
20140118,0.020559,0.021374,0.020559,0.021278,21242,0,0,0
20140119,0.021314,0.021420,0.020333,0.020875,69842,0,0,0
20140120,0.020886,0.021041,0.019618,0.019856,67712,0,0,0
20140121,0.019849,0.020180,0.019642,0.019927,82453,0,0,0
20140122,0.019986,0.020020,0.019227,0.019389,60703,0,0,0
20140123,0.019385,0.019461,0.018473,0.018534,106755,0,0,0
20140124,0.018525,0.018525,0.017709,0.018126,136622,0,0,0
20140125,0.018107,0.019348,0.018037,0.019141,75029,0,0,0
20140126,0.019132,0.020252,0.018969,0.020129,77411,0,0,0
20140127,0.020113,0.020530,0.018589,0.018967,124685,0,0,0
20140128,0.019362,0.021100,0.019356,0.020605,100169,0,0,0
20140129,0.020541,0.020650,0.020024,0.020337,73134,0,0,0
20140130,0.020326,0.020619,0.019898,0.020337,90862,0,0,0
20140131,0.020322,0.020578,0.020121,0.020504,98529,0,0,0
20140201,0.020519,0.021142,0.020432,0.020698,123949,0,0,0
20140202,0.020745,0.021884,0.020733,0.021560,112301,0,0,0
20140203,0.021531,0.021653,0.021184,0.021402,74739,0,0,0
20140204,0.021400,0.021586,0.020974,0.020997,75453,0,0,0
20140205,0.021048,0.021070,0.020357,0.020357,54085,0,0,0
20140206,0.020449,0.020653,0.019420,0.019752,97667,0,0,0
20140207,0.019780,0.019780,0.016606,0.018377,153029,0,0,0
20140208,0.018046,0.018606,0.017174,0.017487,54013,0,0,0
20140209,0.017423,0.018315,0.016997,0.017390,64662,0,0,0
20140210,0.017361,0.018305,0.013475,0.016677,38466,0,0,0
20140211,0.018173,0.018497,0.015769,0.017681,63155,0,0,0
20140212,0.017697,0.017831,0.015537,0.017174,67226,0,0,0
20140213,0.017161,0.017228,0.014539,0.016079,64399,0,0,0
20140214,0.016058,0.017144,0.014044,0.016367,126825,0,0,0
20140215,0.016510,0.016510,0.015714,0.016083,82831,0,0,0
20140216,0.016089,0.016448,0.014669,0.015338,80122,0,0,0
20140217,0.015290,0.015959,0.015092,0.015293,110878,0,0,0
20140218,0.015308,0.015698,0.014986,0.015286,152124,0,0,0
20140219,0.015243,0.015607,0.015055,0.015237,106281,0,0,0
20140220,0.015198,0.015485,0.014172,0.014251,217393,0,0,0
20140221,0.014302,0.015203,0.013732,0.015070,124321,0,0,0
20140222,0.015103,0.015741,0.014583,0.015682,88006,0,0,0
20140223,0.015610,0.016076,0.015348,0.015412,103944,0,0,0
20140224,0.015411,0.015543,0.013590,0.013590,141564,0,0,0
20140225,0.013605,0.013670,0.010839,0.012990,293736,0,0,0
20140226,0.013019,0.014181,0.013019,0.014093,70979,0,0,0
20140227,0.014120,0.014341,0.013692,0.014153,101022,0,0,0
20140228,0.014124,0.014309,0.013581,0.013666,166863,0,0,0
20140301,0.013687,0.013992,0.013483,0.013799,111575,0,0,0
20140302,0.013785,0.013786,0.013341,0.013543,62982,0,0,0
20140303,0.013590,0.015717,0.013363,0.015596,127717,0,0,0
20140304,0.015308,0.018208,0.015127,0.016135,179747,0,0,0
20140305,0.015996,0.016155,0.015431,0.016008,122347,0,0,0
20140306,0.015992,0.016118,0.015635,0.015921,142277,0,0,0
20140307,0.015928,0.016019,0.014814,0.015009,169553,0,0,0
20140308,0.015019,0.015100,0.014259,0.014404,56617,0,0,0
20140309,0.014449,0.015503,0.014200,0.014745,47281,0,0,0
20140310,0.014688,0.015014,0.014009,0.014745,101610,0,0,0
20140311,0.014773,0.014851,0.014034,0.014279,33228,0,0,0
20140312,0.014199,0.015178,0.014164,0.014353,135171,0,0,0
20140313,0.014379,0.014507,0.014243,0.014333,57138,0,0,0
20140314,0.014333,0.014370,0.014133,0.014198,121852,0,0,0
20140315,0.014206,0.014438,0.014170,0.014345,37093,0,0,0
20140316,0.014358,0.014487,0.014207,0.014306,82339,0,0,0
20140317,0.014302,0.014363,0.013909,0.014112,121541,0,0,0
20140318,0.014102,0.014122,0.013656,0.014050,87514,0,0,0
20140319,0.014047,0.014237,0.013850,0.013963,132717,0,0,0
20140320,0.013940,0.014115,0.013561,0.013638,162797,0,0,0
20140321,0.013688,0.013883,0.013009,0.013250,192607,0,0,0
20140322,0.013245,0.013374,0.012889,0.012954,137122,0,0,0
20140323,0.012961,0.013075,0.012649,0.012651,137413,0,0,0
20140324,0.012670,0.012924,0.012296,0.012871,115538,0,0,0
20140325,0.012870,0.012918,0.012598,0.012830,90025,0,0,0
20140326,0.012824,0.012824,0.012527,0.012594,154104,0,0,0
20140327,0.012579,0.012584,0.010226,0.010226,272507,0,0,0
20140328,0.010319,0.011190,0.010147,0.010551,220765,0,0,0
20140329,0.010626,0.010630,0.010338,0.010338,121921,0,0,0
20140330,0.010357,0.010358,0.009281,0.009653,177965,0,0,0
20140331,0.009677,0.009903,0.008700,0.008785,244598,0,0,0
20140401,0.008785,0.009319,0.008588,0.008757,172709,0,0,0
20140402,0.008795,0.009021,0.007707,0.007922,306889,0,0,0
20140403,0.007901,0.008027,0.007176,0.007944,172873,0,0,0
20140404,0.007959,0.008265,0.007657,0.008094,132007,0,0,0
20140405,0.008076,0.008352,0.007894,0.008324,73596,0,0,0
20140406,0.008350,0.008365,0.008137,0.008247,95708,0,0,0
20140407,0.008263,0.008269,0.007995,0.008035,62187,0,0,0
20140408,0.008005,0.008189,0.007980,0.008013,65204,0,0,0
20140409,0.008014,0.008154,0.007818,0.007866,221844,0,0,0
20140410,0.007857,0.007936,0.006219,0.006318,332953,0,0,0
20140411,0.006296,0.007227,0.006064,0.006582,345888,0,0,0
20140412,0.006581,0.006746,0.006229,0.006257,182421,0,0,0
20140413,0.006271,0.006312,0.005784,0.005987,153005,0,0,0
20140414,0.005996,0.006603,0.005933,0.006518,466329,0,0,0
20140415,0.006513,0.007719,0.006375,0.007719,274616,0,0,0
20140416,0.007753,0.007857,0.006810,0.007023,1024970,0,0,0
20140417,0.007101,0.007159,0.006199,0.006339,261187,0,0,0
20140418,0.006345,0.006392,0.006061,0.006210,209538,0,0,0
20140419,0.006209,0.006570,0.006146,0.006473,207541,0,0,0
20140420,0.006475,0.006555,0.006159,0.006214,162830,0,0,0
20140421,0.006206,0.006353,0.006120,0.006142,172813,0,0,0
20140422,0.006139,0.006237,0.006056,0.006059,205655,0,0,0
20140423,0.006064,0.006145,0.006032,0.006110,248284,0,0,0
20140424,0.006105,0.006105,0.005879,0.006069,201064,0,0,0
20140425,0.006069,0.006072,0.005234,0.005491,115698,0,0,0
20140426,0.005491,0.005570,0.005357,0.005394,62246,0,0,0
20140427,0.005380,0.005392,0.004859,0.004859,183777,0,0,0
20140428,0.004804,0.005182,0.004711,0.005139,179020,0,0,0
20140429,0.005136,0.005393,0.005136,0.005362,66925,0,0,0
20140430,0.005359,0.005415,0.005211,0.005364,222003,0,0,0
20140501,0.005364,0.005465,0.005334,0.005413,167861,0,0,0
20140502,0.005409,0.005495,0.005209,0.005315,292881,0,0,0
20140503,0.005315,0.005315,0.004948,0.005024,78782,0,0,0
20140504,0.005033,0.005053,0.004924,0.005024,50950,0,0,0
20140505,0.005007,0.005214,0.004951,0.005214,184156,0,0,0
20140506,0.005213,0.006248,0.005108,0.005973,518867,0,0,0
20140507,0.005974,0.006614,0.005957,0.006351,566819,0,0,0
20140508,0.006343,0.006421,0.006026,0.006080,293424,0,0,0
20140509,0.006061,0.006123,0.005974,0.006063,234478,0,0,0
20140510,0.006074,0.006098,0.005906,0.005975,173762,0,0,0
20140511,0.005942,0.005958,0.005689,0.005754,120923,0,0,0
20140512,0.005749,0.005949,0.005747,0.005937,168471,0,0,0
20140513,0.005937,0.006480,0.005908,0.006340,331979,0,0,0
20140514,0.006339,0.007704,0.006339,0.007154,972270,0,0,0
20140515,0.007172,0.007276,0.007015,0.007099,367672,0,0,0
20140516,0.007100,0.007116,0.006796,0.006910,313468,0,0,0
20140517,0.006901,0.006906,0.006480,0.006487,248157,0,0,0
20140518,0.006475,0.006490,0.005963,0.006004,346678,0,0,0
20140519,0.006000,0.006037,0.005865,0.006034,247907,0,0,0
20140520,0.006045,0.006749,0.006036,0.006711,395587,0,0,0
20140521,0.006715,0.006805,0.006617,0.006669,474992,0,0,0
20140522,0.006676,0.006676,0.003978,0.003993,2846750,0,0,0
20140523,0.003963,0.003976,0.003063,0.003315,1174650,0,0,0
20140524,0.003332,0.004201,0.003103,0.004111,1111310,0,0,0
20140525,0.004129,0.004325,0.003524,0.003646,638473,0,0,0
20140526,0.003668,0.003839,0.003641,0.003799,464861,0,0,0
20140527,0.003761,0.004643,0.003734,0.004643,1358170,0,0,0
20140528,0.004659,0.005309,0.004488,0.005005,1550580,0,0,0
20140529,0.005028,0.005068,0.004690,0.004791,485322,0,0,0
20140530,0.004767,0.004805,0.004138,0.004232,166638,0,0,0
20140531,0.004232,0.004424,0.004078,0.004146,201568,0,0,0
20140601,0.004145,0.004331,0.003922,0.004092,246244,0,0,0
20140602,0.004086,0.004382,0.004038,0.004339,274937,0,0,0
20140603,0.004339,0.004574,0.004238,0.004385,612441,0,0,0
20140604,0.004380,0.004411,0.003947,0.003952,438672,0,0,0
20140605,0.003914,0.004121,0.003806,0.003841,251994,0,0,0
20140606,0.003958,0.003993,0.003834,0.003916,62554,0,0,0
20140607,0.003916,0.004042,0.003823,0.003961,103888,0,0,0
20140608,0.003970,0.003996,0.003931,0.003974,115875,0,0,0
20140609,0.003972,0.004277,0.003971,0.004225,434971,0,0,0
20140610,0.004229,0.004547,0.004228,0.004547,386360,0,0,0
20140611,0.004549,0.004580,0.004394,0.004421,257057,0,0,0
20140612,0.004405,0.004421,0.003948,0.004048,264548,0,0,0
20140613,0.004038,0.004234,0.004036,0.004161,172430,0,0,0
20140614,0.004137,0.004142,0.003847,0.004017,144324,0,0,0
20140615,0.004011,0.004197,0.003890,0.004197,82035,0,0,0
20140616,0.004208,0.004291,0.004168,0.004173,177955,0,0,0
20140617,0.004164,0.004264,0.004157,0.004264,115743,0,0,0
20140618,0.004256,0.004297,0.004221,0.004247,153448,0,0,0
20140619,0.004251,0.004278,0.004204,0.004230,24118,0,0,0
20140620,0.004230,0.004309,0.004167,0.004188,157677,0,0,0
20140621,0.004187,0.004194,0.004138,0.004150,77189,0,0,0
20140622,0.004153,0.004236,0.004147,0.004187,204893,0,0,0
20140623,0.004186,0.004191,0.004036,0.004085,104712,0,0,0
20140624,0.004085,0.004152,0.004049,0.004049,196770,0,0,0
20140625,0.004046,0.004057,0.003920,0.003931,208741,0,0,0
20140626,0.003929,0.004071,0.003920,0.004051,19022,0,0,0
20140627,0.004052,0.004122,0.003984,0.003993,17794,0,0,0
20140628,0.004010,0.004046,0.003863,0.003923,8316,0,0,0
20140629,0.003936,0.004078,0.003936,0.004013,13533,0,0,0
20140630,0.004013,0.004061,0.003779,0.003780,20028,0,0,0
20140701,0.003780,0.004213,0.003618,0.003623,241870,0,0,0
20140702,0.003615,0.003625,0.003474,0.003484,157412,0,0,0
20140703,0.003481,0.003481,0.003346,0.003360,140023,0,0,0
20140704,0.003357,0.003372,0.003240,0.003246,224680,0,0,0
20140705,0.003245,0.003260,0.003127,0.003132,215980,0,0,0
20140706,0.003134,0.003169,0.002804,0.002810,148862,0,0,0
20140707,0.002809,0.003082,0.002802,0.003082,191510,0,0,0
20140708,0.003079,0.003319,0.003079,0.003300,222957,0,0,0
20140709,0.003301,0.003879,0.003301,0.003879,178918,0,0,0
20140710,0.003880,0.004082,0.003880,0.004074,281909,0,0,0
20140711,0.004074,0.004338,0.004073,0.004298,406560,0,0,0
20140712,0.004298,0.004368,0.004290,0.004317,172674,0,0,0
20140713,0.004318,0.004324,0.004244,0.004306,64623,0,0,0
20140714,0.004306,0.004369,0.004278,0.004367,113927,0,0,0
20140715,0.004368,0.004515,0.004364,0.004514,176067,0,0,0
20140716,0.004514,0.004898,0.004496,0.004898,351852,0,0,0
20140717,0.004898,0.006174,0.004898,0.006162,952310,0,0,0
20140718,0.006167,0.006460,0.006131,0.006364,613098,0,0,0
20140719,0.006365,0.006368,0.005259,0.005298,538408,0,0,0
20140720,0.005262,0.005383,0.005159,0.005383,175004,0,0,0
20140721,0.005383,0.005395,0.005327,0.005362,136967,0,0,0
20140722,0.005361,0.005643,0.005357,0.005643,280454,0,0,0
20140723,0.005647,0.006150,0.005644,0.006144,327880,0,0,0
20140724,0.006146,0.006184,0.005925,0.005929,263739,0,0,0
20140725,0.005929,0.006090,0.005918,0.006043,153002,0,0,0
20140726,0.006057,0.006103,0.006031,0.006041,146117,0,0,0
20140727,0.006039,0.006058,0.005984,0.006021,99553,0,0,0
20140728,0.006022,0.006161,0.006021,0.006157,159893,0,0,0
20140729,0.006157,0.006160,0.006066,0.006066,123408,0,0,0
20140730,0.006065,0.006083,0.005090,0.005097,474010,0,0,0
20140731,0.005105,0.005555,0.005073,0.005189,572621,0,0,0
20140801,0.005183,0.005369,0.005111,0.005369,393153,0,0,0
20140802,0.005371,0.005522,0.005270,0.005294,220518,0,0,0
20140803,0.005263,0.005269,0.005176,0.005215,70579,0,0,0
20140804,0.005214,0.005244,0.004763,0.004948,341765,0,0,0
20140805,0.004948,0.005143,0.004904,0.005104,256947,0,0,0
20140806,0.005108,0.005261,0.005107,0.005256,203335,0,0,0
20140807,0.005256,0.005357,0.005242,0.005343,221958,0,0,0
20140808,0.005343,0.005484,0.005343,0.005462,192304,0,0,0
20140809,0.005461,0.005471,0.005240,0.005242,325886,0,0,0
20140810,0.005241,0.005242,0.004972,0.004975,250863,0,0,0
20140811,0.004975,0.005220,0.004944,0.005214,272387,0,0,0
20140812,0.005213,0.005215,0.005024,0.005044,289977,0,0,0
20140813,0.005045,0.005046,0.004933,0.004970,291148,0,0,0
20140814,0.004969,0.005293,0.004948,0.005227,665506,0,0,0
20140815,0.005248,0.005446,0.005248,0.005410,300831,0,0,0
20140816,0.005412,0.005480,0.005327,0.005418,94314,0,0,0
20140817,0.005411,0.005414,0.005137,0.005177,118160,0,0,0
20140818,0.005179,0.005213,0.004948,0.004979,495720,0,0,0
20140819,0.004979,0.005070,0.004927,0.005051,176197,0,0,0
20140820,0.005050,0.005308,0.004969,0.005265,190557,0,0,0
20140821,0.005255,0.005310,0.005116,0.005117,152905,0,0,0
20140822,0.005115,0.005115,0.004985,0.005095,169540,0,0,0
20140823,0.005093,0.005099,0.004992,0.005016,104190,0,0,0
20140824,0.005017,0.005173,0.005015,0.005154,83678,0,0,0
20140825,0.005153,0.005171,0.004940,0.004974,291023,0,0,0
20140826,0.004974,0.004974,0.004794,0.004837,455688,0,0,0
20140827,0.004838,0.005023,0.004829,0.005015,167374,0,0,0
20140828,0.005019,0.005161,0.004961,0.005062,365820,0,0,0
20140829,0.005064,0.005079,0.004938,0.005017,169548,0,0,0
20140830,0.005017,0.005044,0.004952,0.004961,136957,0,0,0
20140831,0.004958,0.004980,0.004869,0.004887,113365,0,0,0
20140901,0.004886,0.005047,0.004885,0.005025,267095,0,0,0
20140902,0.005024,0.005053,0.004637,0.004641,230315,0,0,0
20140903,0.004646,0.004873,0.004632,0.004776,193017,0,0,0
20140904,0.004776,0.004818,0.004768,0.004805,124814,0,0,0
20140905,0.004805,0.004883,0.004789,0.004874,119145,0,0,0
20140906,0.004874,0.004877,0.004795,0.004795,65745,0,0,0
20140907,0.004796,0.004813,0.004704,0.004704,87858,0,0,0
20140908,0.004702,0.004750,0.004672,0.004711,108080,0,0,0
20140909,0.004710,0.004725,0.004675,0.004719,181677,0,0,0
20140910,0.004722,0.004766,0.004722,0.004750,161440,0,0,0
20140911,0.004751,0.004778,0.004735,0.004749,105518,0,0,0
20140912,0.004746,0.004747,0.004668,0.004713,195038,0,0,0
20140913,0.004708,0.004737,0.004678,0.004706,131835,0,0,0
20140914,0.004706,0.005758,0.004699,0.005136,983382,0,0,0
20140915,0.005127,0.005245,0.005020,0.005050,319290,0,0,0
20140916,0.005072,0.005329,0.004980,0.005124,590507,0,0,0
20140917,0.005123,0.005803,0.005123,0.005399,1281960,0,0,0
20140918,0.005398,0.005521,0.005091,0.005135,491147,0,0,0
20140919,0.005134,0.005167,0.004873,0.004942,407109,0,0,0
20140920,0.004942,0.004954,0.004736,0.004772,322621,0,0,0
20140921,0.004768,0.004791,0.004540,0.004570,309571,0,0,0
20140922,0.004561,0.004670,0.004532,0.004657,267342,0,0,0
20140923,0.004655,0.004656,0.004547,0.004613,323106,0,0,0
20140924,0.004610,0.004668,0.004511,0.004668,349329,0,0,0
20140925,0.004670,0.004850,0.004642,0.004722,745348,0,0,0
20140926,0.004722,0.004734,0.004558,0.004616,497323,0,0,0
20140927,0.004607,0.004717,0.004575,0.004705,221573,0,0,0
20140928,0.004706,0.005345,0.004650,0.005282,464102,0,0,0
20140929,0.005279,0.005442,0.004658,0.004705,122073,0,0,0
20140930,0.004705,0.004707,0.004635,0.004644,109352,0,0,0
20141001,0.004645,0.004772,0.004644,0.004752,64998,0,0,0
20141002,0.004755,0.004876,0.004753,0.004874,209158,0,0,0
20141003,0.004876,0.005050,0.004875,0.005023,264083,0,0,0
20141004,0.005024,0.005204,0.004931,0.004941,168516,0,0,0
20141005,0.004935,0.005012,0.004746,0.004789,181316,0,0,0
20141006,0.004777,0.004787,0.004707,0.004730,218684,0,0,0
20141007,0.004731,0.004806,0.004727,0.004765,136439,0,0,0
20141008,0.004769,0.004806,0.004699,0.004787,398026,0,0,0
20141009,0.004787,0.004879,0.004770,0.004824,214591,0,0,0
20141010,0.004824,0.004876,0.004814,0.004871,140436,0,0,0
20141011,0.004873,0.004881,0.004748,0.004753,263175,0,0,0
20141012,0.004754,0.004867,0.004744,0.004858,272667,0,0,0
20141013,0.004853,0.004867,0.004720,0.004784,463679,0,0,0
20141014,0.004794,0.004930,0.004790,0.004872,231490,0,0,0
20141015,0.004872,0.004881,0.004791,0.004827,235627,0,0,0
20141016,0.004825,0.004858,0.004776,0.004855,119623,0,0,0
20141017,0.004855,0.004910,0.004824,0.004904,245692,0,0,0
20141018,0.004904,0.004985,0.004892,0.004965,69145,0,0,0
20141019,0.004964,0.004989,0.004923,0.004949,55748,0,0,0
20141020,0.004945,0.005083,0.004921,0.005073,295888,0,0,0
20141021,0.005072,0.005216,0.005069,0.005193,146796,0,0,0
20141022,0.005190,0.005220,0.005176,0.005187,107561,0,0,0
20141023,0.005185,0.005243,0.005134,0.005142,378216,0,0,0
20141024,0.005143,0.005154,0.005071,0.005082,282070,0,0,0
20141025,0.005083,0.005087,0.004712,0.004719,272566,0,0,0
20141026,0.004720,0.004721,0.004525,0.004548,440679,0,0,0
20141027,0.004546,0.004920,0.004534,0.004891,299518,0,0,0
20141028,0.004890,0.004894,0.004616,0.004845,272894,0,0,0
20141029,0.004840,0.004848,0.004746,0.004776,346606,0,0,0
20141030,0.004774,0.004910,0.004769,0.004890,220063,0,0,0
20141031,0.004887,0.004904,0.004849,0.004867,151046,0,0,0
20141101,0.004865,0.004879,0.004636,0.004671,190204,0,0,0
20141102,0.004674,0.004723,0.004638,0.004664,119913,0,0,0
20141103,0.004658,0.004811,0.004652,0.004810,212517,0,0,0
20141104,0.004809,0.004859,0.004780,0.004805,276134,0,0,0
20141105,0.004806,0.004872,0.004806,0.004861,309820,0,0,0
20141106,0.004861,0.004898,0.004834,0.004877,416386,0,0,0
20141107,0.004878,0.004895,0.004854,0.004877,434075,0,0,0
20141108,0.004877,0.004914,0.004877,0.004907,143181,0,0,0
20141109,0.004904,0.004941,0.004880,0.004926,240824,0,0,0
20141110,0.004920,0.004956,0.004886,0.004901,545390,0,0,0
20141111,0.004896,0.004906,0.004873,0.004899,781614,0,0,0
20141112,0.004897,0.005209,0.004897,0.005097,447173,0,0,0
20141113,0.005128,0.005297,0.004910,0.005035,486595,0,0,0
20141114,0.005022,0.005197,0.004896,0.005197,300910,0,0,0
20141115,0.005206,0.005229,0.005016,0.005052,116803,0,0,0
20141116,0.005039,0.005205,0.005039,0.005181,78345,0,0,0
20141117,0.005181,0.005378,0.005181,0.005340,431359,0,0,0
20141118,0.005337,0.005449,0.005337,0.005432,454544,0,0,0
20141119,0.005424,0.005696,0.005424,0.005696,434916,0,0,0
20141120,0.005693,0.006096,0.005692,0.006058,932564,0,0,0
20141121,0.006072,0.006603,0.006037,0.006589,720035,0,0,0
20141122,0.006591,0.007760,0.006591,0.007663,1123560,0,0,0
20141123,0.007669,0.008773,0.007669,0.008599,1288050,0,0,0
20141124,0.008595,0.008791,0.008362,0.008562,836154,0,0,0
20141125,0.008561,0.009841,0.008561,0.009740,2617990,0,0,0
20141126,0.009742,0.011014,0.009695,0.011004,2382860,0,0,0
20141127,0.011004,0.014205,0.011004,0.014205,5355350,0,0,0
20141128,0.014201,0.015297,0.013757,0.015165,2815520,0,0,0
20141129,0.015160,0.015160,0.013982,0.013982,1878500,0,0,0
20141130,0.013977,0.013977,0.011182,0.011211,2857340,0,0,0
20141201,0.011204,0.012572,0.008105,0.012559,3453750,0,0,0
20141202,0.012587,0.013307,0.012568,0.013158,2206040,0,0,0
20141203,0.013164,0.013185,0.012918,0.013130,1063000,0,0,0
20141204,0.013137,0.013348,0.013137,0.013343,2363160,0,0,0
20141205,0.013336,0.013798,0.013311,0.013785,1281290,0,0,0
20141206,0.013771,0.014412,0.013726,0.014406,1402450,0,0,0
20141207,0.014406,0.014794,0.014388,0.014794,935386,0,0,0
20141208,0.014793,0.015188,0.013190,0.013421,2568380,0,0,0
20141209,0.013418,0.015071,0.013268,0.015068,1621600,0,0,0
20141210,0.015071,0.015933,0.015015,0.015908,1116220,0,0,0
20141211,0.015885,0.016374,0.015805,0.016374,1620910,0,0,0
20141212,0.016374,0.016374,0.016374,0.016374,1620910,0,0,0
20141213,0.016374,0.017182,0.016374,0.016992,1210950,0,0,0
20141214,0.016991,0.017218,0.016977,0.017127,431814,0,0,0
20141215,0.017115,0.018242,0.017096,0.018242,2633740,0,0,0
20141216,0.018246,0.021681,0.018207,0.021539,6249780,0,0,0
20141217,0.021553,0.026065,0.021512,0.026065,5981140,0,0,0
20141218,0.026026,0.028015,0.025511,0.027940,4016710,0,0,0
20141219,0.027975,0.028034,0.023338,0.023338,6254590,0,0,0
20141220,0.023352,0.024207,0.022644,0.024207,3224770,0,0,0
20141221,0.024225,0.025171,0.024183,0.024921,1523180,0,0,0
20141222,0.024870,0.025718,0.024868,0.025562,2150370,0,0,0
20141223,0.025555,0.025611,0.023878,0.023878,2778770,0,0,0
20141224,0.023838,0.023852,0.023160,0.023382,1428390,0,0,0
20141225,0.023388,0.024138,0.023387,0.024138,1234800,0,0,0
20141226,0.024146,0.025394,0.024146,0.025308,2011780,0,0,0
20141227,0.025299,0.025335,0.024067,0.024074,837992,0,0,0
20141228,0.024078,0.024181,0.023611,0.023764,1005650,0,0,0
20141229,0.023778,0.024294,0.023774,0.024231,1145800,0,0,0
20141230,0.024229,0.024278,0.024040,0.024200,795505,0,0,0
20141231,0.024194,0.024438,0.024152,0.024438,640940,0,0,0
20150101,0.024455,0.024455,0.024205,0.024390,399022,0,0,0
20150102,0.024377,0.024423,0.024309,0.024318,459956,0,0,0
20150103,0.024297,0.024317,0.022106,0.022106,2171040,0,0,0
20150104,0.022100,0.022142,0.018828,0.018928,3801010,0,0,0
20150105,0.018943,0.020316,0.018890,0.020316,3051930,0,0,0
20150106,0.020325,0.020745,0.020282,0.020732,1752160,0,0,0
20150107,0.020727,0.020899,0.020492,0.020843,787462,0,0,0
20150108,0.020843,0.020917,0.020668,0.020676,823446,0,0,0
20150109,0.020650,0.020665,0.020512,0.020576,1092300,0,0,0
20150110,0.020623,0.020623,0.019230,0.019233,1550330,0,0,0
20150111,0.019244,0.019287,0.018755,0.018765,558120,0,0,0
20150112,0.018782,0.018853,0.018434,0.018434,560642,0,0,0
20150113,0.018428,0.020768,0.015599,0.015648,3113440,0,0,0
20150114,0.015611,0.022335,0.014113,0.014233,1886420,0,0,0
20150115,0.014204,0.016536,0.014204,0.016444,2285810,0,0,0
20150116,0.016449,0.017094,0.016361,0.016403,1651550,0,0,0
20150117,0.016393,0.016401,0.015361,0.015361,737736,0,0,0
20150118,0.015386,0.015806,0.015092,0.015622,1170730,0,0,0
20150119,0.015657,0.016017,0.015651,0.015991,1093540,0,0,0
20150120,0.015947,0.016114,0.015850,0.016112,1029700,0,0,0
20150121,0.016108,0.016717,0.016108,0.016653,1141990,0,0,0
20150122,0.016700,0.017042,0.016671,0.017010,1105630,0,0,0
20150123,0.017013,0.017013,0.016694,0.016734,1080800,0,0,0
20150124,0.016720,0.016868,0.016598,0.016736,945649,0,0,0
20150125,0.016703,0.016918,0.016393,0.016578,892182,0,0,0
20150126,0.016586,0.017808,0.015831,0.016019,3079280,0,0,0
20150127,0.016007,0.016065,0.015461,0.015841,1316000,0,0,0
20150128,0.015836,0.015932,0.014918,0.014970,1380280,0,0,0
20150129,0.014966,0.014989,0.014538,0.014706,1097200,0,0,0
20150130,0.014691,0.014815,0.014438,0.014443,807399,0,0,0
20150131,0.014441,0.014640,0.014271,0.014298,557619,0,0,0
20150201,0.014286,0.014331,0.014088,0.014139,852106,0,0,0
20150202,0.014137,0.014199,0.013534,0.013670,1482760,0,0,0
20150203,0.013658,0.013711,0.012983,0.013025,1264170,0,0,0
20150204,0.013027,0.013526,0.013027,0.013498,625444,0,0,0
20150205,0.013503,0.014472,0.013503,0.014466,1221720,0,0,0
20150206,0.014473,0.015494,0.014473,0.015185,1790130,0,0,0
20150207,0.015186,0.015193,0.014459,0.014577,518284,0,0,0
20150208,0.014576,0.014651,0.014398,0.014427,446888,0,0,0
20150209,0.014430,0.014433,0.013994,0.013994,625357,0,0,0
20150210,0.014003,0.014007,0.013626,0.013649,850302,0,0,0
20150211,0.013643,0.013780,0.013588,0.013776,457627,0,0,0
20150212,0.013780,0.014068,0.013774,0.014039,542301,0,0,0
20150213,0.014031,0.014661,0.014031,0.014566,1005470,0,0,0
20150214,0.014564,0.015029,0.014564,0.014956,816442,0,0,0
20150215,0.014941,0.015038,0.013566,0.013712,1134340,0,0,0
20150216,0.013746,0.013853,0.013580,0.013750,391037,0,0,0
20150217,0.013751,0.014048,0.013722,0.014031,428236,0,0,0
20150218,0.014028,0.014049,0.013719,0.013791,384700,0,0,0
20150219,0.013806,0.013851,0.013758,0.013758,308654,0,0,0
20150220,0.013741,0.013765,0.013481,0.013481,1036780,0,0,0
20150221,0.013462,0.013537,0.013244,0.013286,314420,0,0,0
20150222,0.013289,0.013376,0.013080,0.013130,587911,0,0,0
20150223,0.013124,0.013363,0.013110,0.013334,439387,0,0,0
20150224,0.013351,0.013424,0.013345,0.013396,627475,0,0,0
20150225,0.013403,0.013472,0.013390,0.013401,502828,0,0,0
20150226,0.013405,0.013414,0.013257,0.013299,836544,0,0,0
20150227,0.013294,0.013547,0.013287,0.013360,910485,0,0,0
20150228,0.013357,0.013368,0.012995,0.012998,520080,0,0,0
20150301,0.012992,0.012992,0.012142,0.012239,1496970,0,0,0
20150302,0.012233,0.012235,0.011931,0.012192,1284250,0,0,0
20150303,0.012191,0.012193,0.010593,0.010593,3050010,0,0,0
20150304,0.010222,0.010222,0.009760,0.010032,2851890,0,0,0
20150305,0.010056,0.011613,0.010056,0.011543,3088530,0,0,0
20150306,0.011552,0.011664,0.010856,0.010856,978284,0,0,0
20150307,0.010858,0.010858,0.010522,0.010535,1230270,0,0,0
20150308,0.010528,0.010528,0.009939,0.009961,735996,0,0,0
20150309,0.009963,0.010808,0.009963,0.010643,2361390,0,0,0
20150310,0.010640,0.010705,0.010077,0.010086,1642070,0,0,0
20150311,0.010087,0.010242,0.010044,0.010229,755784,0,0,0
20150312,0.010227,0.010367,0.010153,0.010359,687546,0,0,0
20150313,0.010352,0.010587,0.010333,0.010511,701607,0,0,0
20150314,0.010487,0.011098,0.010436,0.011088,798070,0,0,0
20150315,0.011095,0.011229,0.010817,0.010817,407154,0,0,0
20150316,0.010825,0.011047,0.010796,0.010968,859896,0,0,0
20150317,0.010966,0.011033,0.010901,0.010929,805396,0,0,0
20150318,0.010929,0.010962,0.010516,0.010575,1632590,0,0,0
20150319,0.010594,0.010636,0.010296,0.010480,2771610,0,0,0
20150320,0.010480,0.010579,0.010339,0.010446,447184,0,0,0
20150321,0.010445,0.010453,0.010162,0.010182,394129,0,0,0
20150322,0.010181,0.010245,0.010122,0.010196,306080,0,0,0
20150323,0.010198,0.010381,0.010098,0.010308,670229,0,0,0
20150324,0.010313,0.010344,0.009757,0.009757,608763,0,0,0
20150325,0.009764,0.009827,0.009115,0.009115,1160540,0,0,0
20150326,0.009115,0.009115,0.008736,0.008764,609264,0,0,0
20150327,0.008764,0.008960,0.008728,0.008895,439537,0,0,0
20150328,0.008888,0.008908,0.008751,0.008851,186292,0,0,0
20150329,0.008851,0.008859,0.008464,0.008498,417819,0,0,0
20150330,0.008499,0.008638,0.008448,0.008453,977525,0,0,0
20150331,0.008452,0.008455,0.007772,0.007772,1359970,0,0,0
20150401,0.007772,0.007772,0.007564,0.007668,708058,0,0,0
20150402,0.007666,0.007924,0.007665,0.007906,373395,0,0,0
20150403,0.007905,0.008722,0.007904,0.008720,1010690,0,0,0
20150404,0.008717,0.008967,0.008714,0.008844,302715,0,0,0
20150405,0.008847,0.008852,0.008716,0.008739,225068,0,0,0
20150406,0.008749,0.008839,0.008736,0.008786,537916,0,0,0
20150407,0.008775,0.009080,0.008774,0.009071,1145350,0,0,0
20150408,0.009067,0.009269,0.009062,0.009198,940998,0,0,0
20150409,0.009192,0.009204,0.008780,0.008780,701874,0,0,0
20150410,0.008776,0.008776,0.008503,0.008512,494280,0,0,0
20150411,0.008515,0.008517,0.008264,0.008300,255991,0,0,0
20150412,0.008299,0.008701,0.008271,0.008610,199412,0,0,0
20150413,0.008612,0.008623,0.008162,0.008194,372548,0,0,0
20150414,0.008193,0.008299,0.008139,0.008159,636679,0,0,0
20150415,0.008160,0.008163,0.007881,0.007949,409098,0,0,0
20150416,0.007955,0.008014,0.007943,0.008010,246608,0,0,0
20150417,0.008014,0.008064,0.008008,0.008025,312038,0,0,0
20150418,0.008042,0.008044,0.007898,0.007900,184595,0,0,0
20150419,0.007899,0.007916,0.007841,0.007846,197022,0,0,0
20150420,0.007841,0.007954,0.007835,0.007932,710840,0,0,0
20150421,0.007933,0.007975,0.007817,0.007968,678946,0,0,0
20150422,0.007975,0.008063,0.007954,0.008025,704364,0,0,0
20150423,0.008027,0.008046,0.008004,0.008019,397132,0,0,0
20150424,0.008018,0.008101,0.007935,0.008077,446330,0,0,0
20150425,0.008080,0.008292,0.008039,0.008291,211934,0,0,0
20150426,0.008290,0.008297,0.007684,0.007740,493776,0,0,0
20150427,0.007742,0.007846,0.007675,0.007765,779357,0,0,0
20150428,0.007764,0.007764,0.007607,0.007630,569295,0,0,0
20150429,0.007633,0.007863,0.007630,0.007863,549981,0,0,0
20150430,0.007857,0.008073,0.007853,0.008029,595106,0,0,0
20150501,0.008035,0.008080,0.008018,0.008018,663959,0,0,0
20150502,0.008020,0.008077,0.007978,0.008037,107649,0,0,0
20150503,0.008036,0.008115,0.008013,0.008055,438453,0,0,0
20150504,0.008057,0.008070,0.007997,0.008017,262147,0,0,0
20150505,0.008017,0.008020,0.007910,0.007910,553536,0,0,0
20150506,0.007920,0.007920,0.007770,0.007782,475466,0,0,0
20150507,0.007787,0.007791,0.007526,0.007529,2231440,0,0,0
20150508,0.007531,0.007531,0.007390,0.007491,369669,0,0,0
20150509,0.007492,0.007646,0.007477,0.007574,179858,0,0,0
20150510,0.007572,0.007572,0.007374,0.007382,575429,0,0,0
20150511,0.007379,0.007413,0.007360,0.007360,456632,0,0,0
20150512,0.007365,0.007371,0.007213,0.007213,973166,0,0,0
20150513,0.007209,0.007226,0.006857,0.006857,897919,0,0,0
20150514,0.006853,0.006853,0.006598,0.006602,622577,0,0,0
20150515,0.006603,0.006685,0.006563,0.006655,243151,0,0,0
20150516,0.006655,0.006667,0.006559,0.006588,63602,0,0,0
20150517,0.006586,0.006586,0.006329,0.006329,350731,0,0,0
20150518,0.006327,0.006329,0.005745,0.005748,1185930,0,0,0
20150519,0.005746,0.006539,0.005697,0.006539,952584,0,0,0
20150520,0.006537,0.006803,0.006537,0.006636,465374,0,0,0
20150521,0.006636,0.006658,0.006549,0.006573,182022,0,0,0
20150522,0.006573,0.006653,0.006552,0.006649,314421,0,0,0
20150523,0.006639,0.006823,0.006638,0.006800,298160,0,0,0
20150524,0.006798,0.006857,0.006762,0.006809,149015,0,0,0
20150525,0.006843,0.006951,0.006798,0.006925,315919,0,0,0
20150526,0.006928,0.006974,0.006764,0.006794,503514,0,0,0
20150527,0.006792,0.007019,0.006774,0.006937,536465,0,0,0
20150528,0.006941,0.007857,0.006921,0.007857,1242990,0,0,0
20150529,0.007837,0.009179,0.007813,0.009056,1949750,0,0,0
20150530,0.009060,0.009094,0.008335,0.008409,487228,0,0,0
20150531,0.008403,0.008455,0.008175,0.008290,248303,0,0,0
20150601,0.008276,0.008295,0.007563,0.007579,777565,0,0,0
20150602,0.007582,0.007985,0.007429,0.007981,506304,0,0,0
20150603,0.008007,0.008146,0.007952,0.008012,388480,0,0,0
20150604,0.008010,0.008010,0.007879,0.007879,241573,0,0,0
20150605,0.007884,0.007972,0.007871,0.007956,198828,0,0,0
20150606,0.007956,0.007961,0.007895,0.007905,108750,0,0,0
20150607,0.007905,0.007954,0.007851,0.007874,100994,0,0,0
20150608,0.007867,0.008005,0.007866,0.007999,227074,0,0,0
20150609,0.008009,0.008019,0.007963,0.007995,211828,0,0,0
20150610,0.007984,0.008036,0.007982,0.007999,260571,0,0,0
20150611,0.007999,0.008042,0.007996,0.008042,196404,0,0,0
20150612,0.008041,0.008084,0.007992,0.008057,138738,0,0,0
20150613,0.007994,0.008136,0.007994,0.008093,80646,0,0,0
20150614,0.008093,0.008239,0.008079,0.008147,315884,0,0,0
20150615,0.008146,0.008581,0.008144,0.008579,658174,0,0,0
20150616,0.008580,0.009457,0.008580,0.009424,1523530,0,0,0
20150617,0.009427,0.009774,0.009409,0.009678,1050540,0,0,0
20150618,0.009689,0.010264,0.009642,0.010252,1117100,0,0,0
20150619,0.010279,0.011320,0.010278,0.011207,1650080,0,0,0
20150620,0.011288,0.011288,0.010854,0.011039,660909,0,0,0
20150621,0.011030,0.011068,0.010215,0.010314,564947,0,0,0
20150622,0.010295,0.010567,0.010252,0.010567,623012,0,0,0
20150623,0.010568,0.010713,0.010485,0.010667,487296,0,0,0
20150624,0.010667,0.011089,0.010639,0.010914,662015,0,0,0
20150625,0.010911,0.011056,0.010896,0.011048,328795,0,0,0
20150626,0.011048,0.011294,0.011029,0.011288,344441,0,0,0
20150627,0.011290,0.011582,0.011287,0.011445,347201,0,0,0
20150628,0.011444,0.011477,0.011268,0.011467,255832,0,0,0
20150629,0.011487,0.012011,0.011485,0.011977,840533,0,0,0
20150630,0.011970,0.012017,0.011319,0.011319,1028230,0,0,0
20150701,0.011317,0.011406,0.011027,0.011198,558248,0,0,0
20150702,0.011195,0.011243,0.010969,0.011037,404117,0,0,0
20150703,0.011038,0.011105,0.011004,0.011099,251150,0,0,0
20150704,0.011099,0.011106,0.010774,0.010782,138329,0,0,0
20150705,0.010770,0.010785,0.009986,0.010021,801046,0,0,0
20150706,0.010021,0.010196,0.009873,0.009873,928027,0,0,0
20150707,0.009882,0.009954,0.009487,0.009580,612402,0,0,0
20150708,0.009572,0.009633,0.009386,0.009449,803026,0,0,0
20150709,0.009467,0.009486,0.008961,0.008987,935172,0,0,0
20150710,0.008956,0.009352,0.008806,0.008847,1344950,0,0,0
20150711,0.008848,0.008909,0.008604,0.008615,407434,0,0,0
20150712,0.008611,0.008779,0.008585,0.008614,423951,0,0,0
20150713,0.008610,0.008613,0.008213,0.008569,1023880,0,0,0
20150714,0.008565,0.008727,0.008545,0.008631,791771,0,0,0
20150715,0.008638,0.008710,0.008504,0.008516,572785,0,0,0
20150716,0.008513,0.008578,0.008059,0.008062,782856,0,0,0
20150717,0.008061,0.008067,0.007952,0.008026,299869,0,0,0
20150718,0.008023,0.008080,0.007997,0.008060,68213,0,0,0
20150719,0.008061,0.008094,0.008007,0.008091,85865,0,0,0
20150720,0.008093,0.008162,0.007943,0.007948,285165,0,0,0
20150721,0.007951,0.007951,0.007699,0.007711,525732,0,0,0
20150722,0.007708,0.007714,0.007571,0.007579,367888,0,0,0
20150723,0.007579,0.007582,0.007447,0.007487,182970,0,0,0
20150724,0.007486,0.007697,0.007473,0.007656,277406,0,0,0
20150725,0.007655,0.007892,0.007632,0.007888,237028,0,0,0
20150726,0.007888,0.008125,0.007806,0.008115,233266,0,0,0
20150727,0.008116,0.008579,0.008115,0.008562,666090,0,0,0
20150728,0.008565,0.008602,0.008446,0.008449,143142,0,0,0
20150729,0.008451,0.008549,0.008272,0.008519,174525,0,0,0
20150730,0.008517,0.008582,0.008471,0.008491,324219,0,0,0
20150731,0.008494,0.008494,0.008420,0.008437,423581,0,0,0
20150801,0.008438,0.008441,0.008220,0.008222,196429,0,0,0
20150802,0.008225,0.008232,0.008170,0.008230,206009,0,0,0
20150803,0.008230,0.008321,0.008223,0.008281,231262,0,0,0
20150804,0.008277,0.008320,0.008263,0.008271,178712,0,0,0
20150805,0.008264,0.008286,0.008221,0.008224,219269,0,0,0
20150806,0.008225,0.008225,0.008024,0.008024,375521,0,0,0
20150807,0.008020,0.008153,0.007989,0.008152,363643,0,0,0
20150808,0.008164,0.008708,0.008164,0.008476,678295,0,0,0
20150809,0.008484,0.008823,0.008472,0.008808,531969,0,0,0
20150810,0.008812,0.008905,0.008746,0.008750,472973,0,0,0
20150811,0.008751,0.008766,0.008591,0.008591,282461,0,0,0
20150812,0.008591,0.008593,0.008271,0.008271,287463,0,0,0
20150813,0.008266,0.008267,0.008146,0.008147,202934,0,0,0
20150814,0.008148,0.008339,0.008075,0.008337,423163,0,0,0
20150815,0.008330,0.008465,0.008325,0.008420,176135,0,0,0
20150816,0.008419,0.008419,0.008310,0.008315,301654,0,0,0
20150817,0.008314,0.008361,0.008266,0.008301,337092,0,0,0
20150818,0.008301,0.008334,0.007552,0.007552,291729,0,0,0
20150819,0.007526,0.007947,0.007526,0.007758,474702,0,0,0
20150820,0.007760,0.007872,0.007719,0.007872,215415,0,0,0
20150821,0.007871,0.007913,0.007847,0.007881,265646,0,0,0
20150822,0.007878,0.007888,0.007712,0.007722,182227,0,0,0
20150823,0.007722,0.007723,0.007543,0.007552,157580,0,0,0
20150824,0.007553,0.007649,0.007391,0.007397,546516,0,0,0
20150825,0.007399,0.007399,0.007093,0.007126,593316,0,0,0
20150826,0.007133,0.007507,0.007041,0.007492,196124,0,0,0
20150827,0.007474,0.007620,0.007474,0.007551,202412,0,0,0
20150828,0.007555,0.007555,0.007419,0.007433,414310,0,0,0
20150829,0.007427,0.007751,0.007361,0.007751,365144,0,0,0
20150830,0.007751,0.008052,0.007751,0.008050,408809,0,0,0
20150831,0.008061,0.008092,0.007878,0.007884,635572,0,0,0
20150901,0.007884,0.007888,0.007771,0.007815,401903,0,0,0
20150902,0.007821,0.007833,0.007694,0.007700,398976,0,0,0
20150903,0.007692,0.007699,0.007431,0.007431,322054,0,0,0
20150904,0.007430,0.007433,0.007286,0.007355,472228,0,0,0
20150905,0.007352,0.007921,0.007351,0.007860,856833,0,0,0
20150906,0.007861,0.007946,0.007779,0.007891,284050,0,0,0
20150907,0.007889,0.007955,0.007889,0.007918,234100,0,0,0
20150908,0.007917,0.007978,0.007830,0.007831,193672,0,0,0
20150909,0.007830,0.007830,0.007664,0.007678,254159,0,0,0
20150910,0.007685,0.007720,0.007661,0.007663,234873,0,0,0
20150911,0.007661,0.008444,0.007633,0.008444,77796,0,0,0
20150912,0.008447,0.008447,0.008144,0.008197,24819,0,0,0
20150913,0.008197,0.008538,0.008150,0.008532,62875,0,0,0
20150914,0.008535,0.008645,0.007404,0.007404,274835,0,0,0
20150915,0.007398,0.007892,0.007344,0.007720,676501,0,0,0
20150916,0.007721,0.007752,0.007406,0.007426,316497,0,0,0
20150917,0.007427,0.007438,0.007363,0.007372,544100,0,0,0
20150918,0.007383,0.007538,0.007377,0.007529,501172,0,0,0
20150919,0.007527,0.007527,0.007364,0.007482,441298,0,0,0
20150920,0.007482,0.007688,0.007479,0.007637,445039,0,0,0
20150921,0.007633,0.007634,0.007247,0.007247,245324,0,0,0
20150922,0.007245,0.007250,0.007152,0.007168,252173,0,0,0
20150923,0.007168,0.007183,0.006668,0.006668,985902,0,0,0
20150924,0.006668,0.006710,0.006604,0.006710,400287,0,0,0
20150925,0.006707,0.006736,0.006625,0.006650,403453,0,0,0
20150926,0.006651,0.006651,0.006501,0.006501,439274,0,0,0
20150927,0.006500,0.006562,0.006431,0.006536,269143,0,0,0
20150928,0.006535,0.006573,0.006290,0.006293,602856,0,0,0
20150929,0.006291,0.006291,0.005579,0.005579,964995,0,0,0
20150930,0.005582,0.005582,0.005421,0.005520,719793,0,0,0
20151001,0.005518,0.005540,0.005428,0.005448,557597,0,0,0
20151002,0.005445,0.005869,0.005443,0.005868,587722,0,0,0
20151003,0.005855,0.005902,0.005514,0.005517,395715,0,0,0
20151004,0.005515,0.005515,0.005236,0.005236,355762,0,0,0
20151005,0.005237,0.005237,0.005008,0.005008,623667,0,0,0
20151006,0.005009,0.005336,0.004991,0.005328,349154,0,0,0
20151007,0.005328,0.005477,0.005327,0.005375,373080,0,0,0
20151008,0.005375,0.005375,0.005031,0.005031,665310,0,0,0
20151009,0.005032,0.005035,0.004857,0.004983,851326,0,0,0
20151010,0.004983,0.005116,0.004970,0.005037,163088,0,0,0
20151011,0.005038,0.005183,0.005011,0.005182,134555,0,0,0
20151012,0.005181,0.005265,0.005174,0.005260,123326,0,0,0
20151013,0.005262,0.005386,0.005246,0.005377,355659,0,0,0
20151014,0.005379,0.005464,0.005376,0.005418,338407,0,0,0
20151015,0.005424,0.005468,0.005390,0.005399,440929,0,0,0
20151016,0.005392,0.005441,0.005376,0.005398,342598,0,0,0
20151017,0.005400,0.005429,0.005174,0.005203,394980,0,0,0
20151018,0.005199,0.005200,0.004967,0.004979,242340,0,0,0
20151019,0.004976,0.005083,0.004976,0.005043,300024,0,0,0
20151020,0.005042,0.005048,0.004730,0.004731,420949,0,0,0
20151021,0.004739,0.004745,0.004636,0.004697,243503,0,0,0
20151022,0.004696,0.004726,0.004671,0.004723,305170,0,0,0
20151023,0.004726,0.004773,0.004671,0.004677,296217,0,0,0
20151024,0.004676,0.004687,0.004631,0.004662,189900,0,0,0
20151025,0.004662,0.004737,0.004555,0.004556,287103,0,0,0
20151026,0.004560,0.004675,0.004554,0.004675,427011,0,0,0
20151027,0.004674,0.004716,0.004628,0.004649,357602,0,0,0
20151028,0.004648,0.004688,0.004621,0.004675,350369,0,0,0
20151029,0.004670,0.004727,0.004634,0.004634,550253,0,0,0
20151030,0.004635,0.004882,0.004622,0.004839,997172,0,0,0
20151031,0.004840,0.004887,0.004633,0.004687,319312,0,0,0
20151101,0.004685,0.004918,0.004663,0.004901,490105,0,0,0
20151102,0.004896,0.005182,0.004892,0.005156,572974,0,0,0
20151103,0.005160,0.005546,0.005128,0.005383,1030430,0,0,0
20151104,0.005402,0.005860,0.004837,0.004947,1354340,0,0,0
20151105,0.004955,0.005041,0.004470,0.004506,1181010,0,0,0
20151106,0.004500,0.004646,0.004375,0.004562,786513,0,0,0
20151107,0.004566,0.004701,0.004558,0.004694,367144,0,0,0
20151108,0.004684,0.004698,0.004596,0.004647,312859,0,0,0
20151109,0.004650,0.004723,0.004590,0.004609,305337,0,0,0
20151110,0.004606,0.004612,0.004364,0.004406,414631,0,0,0
20151111,0.004408,0.004440,0.004173,0.004264,446177,0,0,0
20151112,0.004266,0.004580,0.004266,0.004541,503812,0,0,0
20151113,0.004536,0.004549,0.004436,0.004477,329838,0,0,0
20151114,0.004482,0.004493,0.004316,0.004328,144356,0,0,0
20151115,0.004327,0.004327,0.004144,0.004165,273892,0,0,0
20151116,0.004163,0.004237,0.004130,0.004234,351725,0,0,0
20151117,0.004234,0.004293,0.004228,0.004250,243681,0,0,0
20151118,0.004251,0.004288,0.004243,0.004258,246794,0,0,0
20151119,0.004259,0.004263,0.004205,0.004222,173712,0,0,0
20151120,0.004222,0.004237,0.004167,0.004227,312768,0,0,0
20151121,0.004227,0.004268,0.004214,0.004245,182628,0,0,0
20151122,0.004249,0.004274,0.004238,0.004267,174556,0,0,0
20151123,0.004269,0.004351,0.004237,0.004288,314451,0,0,0
20151124,0.004288,0.004288,0.004201,0.004242,197940,0,0,0
20151125,0.004242,0.004325,0.004228,0.004318,197356,0,0,0
20151126,0.004317,0.004435,0.004227,0.004291,400520,0,0,0
20151127,0.004276,0.004304,0.004229,0.004276,199790,0,0,0
20151128,0.004275,0.004275,0.004208,0.004238,195480,0,0,0
20151129,0.004243,0.004299,0.004234,0.004299,197822,0,0,0
20151130,0.004298,0.004322,0.004185,0.004201,272695,0,0,0
20151201,0.004202,0.004208,0.004054,0.004090,312401,0,0,0
20151202,0.004091,0.004189,0.004041,0.004173,328403,0,0,0
20151203,0.004176,0.004304,0.004173,0.004262,139104,0,0,0
20151204,0.004262,0.004782,0.004239,0.004754,930102,0,0,0
20151205,0.004756,0.005301,0.004756,0.005301,716241,0,0,0
20151206,0.005302,0.005368,0.005153,0.005344,1002000,0,0,0
20151207,0.005312,0.005560,0.005297,0.005560,866871,0,0,0
20151208,0.005561,0.006775,0.005560,0.006775,2423870,0,0,0
20151209,0.006796,0.008905,0.006746,0.008523,5702470,0,0,0
20151210,0.008527,0.009071,0.008444,0.008444,3223520,0,0,0
20151211,0.008445,0.008453,0.007793,0.008441,3465490,0,0,0
20151212,0.008454,0.008642,0.008123,0.008536,1317990,0,0,0
20151213,0.008532,0.008867,0.008472,0.008779,1394050,0,0,0
20151214,0.008774,0.008780,0.007614,0.007614,2433140,0,0,0
20151215,0.007600,0.007600,0.006622,0.006684,4908540,0,0,0
20151216,0.006689,0.006816,0.006454,0.006755,1249850,0,0,0
20151217,0.006754,0.006808,0.006670,0.006694,556682,0,0,0
20151218,0.006686,0.006686,0.006367,0.006387,833330,0,0,0
20151219,0.006383,0.006401,0.006254,0.006291,452403,0,0,0
20151220,0.006292,0.006341,0.006205,0.006235,577803,0,0,0
20151221,0.006234,0.006356,0.006158,0.006269,512514,0,0,0
20151222,0.006271,0.006278,0.006184,0.006193,460222,0,0,0
20151223,0.006188,0.006211,0.006015,0.006021,364178,0,0,0
20151224,0.006023,0.006053,0.005955,0.005971,332166,0,0,0
20151225,0.005971,0.006514,0.005970,0.006487,815998,0,0,0
20151226,0.006491,0.006508,0.006145,0.006174,665210,0,0,0
20151227,0.006172,0.006355,0.006132,0.006343,465856,0,0,0
20151228,0.006348,0.006442,0.006326,0.006340,469583,0,0,0
20151229,0.006342,0.006353,0.006245,0.006264,312612,0,0,0
20151230,0.006266,0.006271,0.006170,0.006182,280345,0,0,0
20151231,0.006184,0.006184,0.006039,0.006040,374355,0,0,0
20160101,0.006040,0.006044,0.005933,0.005955,211767,0,0,0
20160102,0.005957,0.006079,0.005933,0.006065,278539,0,0,0
20160103,0.006066,0.006070,0.005988,0.006017,291723,0,0,0
20160104,0.006019,0.006059,0.005953,0.005958,310820,0,0,0
20160105,0.005954,0.006044,0.005953,0.006044,381554,0,0,0
20160106,0.006044,0.006044,0.005983,0.006003,316235,0,0,0
20160107,0.005998,0.006090,0.005998,0.006039,426048,0,0,0
20160108,0.006040,0.006055,0.005905,0.005933,288641,0,0,0
20160109,0.005937,0.006005,0.005933,0.005982,310336,0,0,0
20160110,0.005982,0.005999,0.005931,0.005956,195011,0,0,0
20160111,0.005963,0.005970,0.005892,0.005895,216286,0,0,0
20160112,0.005892,0.005897,0.005854,0.005854,310414,0,0,0
20160113,0.005836,0.005836,0.005753,0.005794,497284,0,0,0
20160114,0.005795,0.005802,0.005526,0.005529,849371,0,0,0
20160115,0.005528,0.005528,0.005229,0.005229,441054,0,0,0
20160116,0.005221,0.005274,0.005072,0.005112,304209,0,0,0
20160117,0.005110,0.005285,0.005011,0.005266,473175,0,0,0
20160118,0.005270,0.005416,0.005268,0.005326,514295,0,0,0
20160119,0.005330,0.005330,0.005262,0.005271,226472,0,0,0
20160120,0.005271,0.005394,0.005178,0.005381,722260,0,0,0
20160121,0.005370,0.005385,0.005305,0.005313,344950,0,0,0
20160122,0.005314,0.005314,0.005093,0.005114,355595,0,0,0
20160123,0.005109,0.005192,0.005109,0.005120,310286,0,0,0
20160124,0.005121,0.005237,0.005119,0.005219,341789,0,0,0
20160125,0.005218,0.005218,0.005064,0.005135,412095,0,0,0
20160126,0.005138,0.005477,0.005125,0.005419,904781,0,0,0
20160127,0.005408,0.006571,0.005408,0.006506,2544770,0,0,0
20160128,0.006507,0.006507,0.006090,0.006226,2203940,0,0,0
20160129,0.006228,0.006906,0.005922,0.006840,2895430,0,0,0
20160130,0.006824,0.007001,0.006612,0.006634,1233320,0,0,0
20160131,0.006631,0.006638,0.006359,0.006399,977856,0,0,0
20160201,0.006398,0.006551,0.006366,0.006542,830380,0,0,0
20160202,0.006545,0.006791,0.006545,0.006768,809854,0,0,0
20160203,0.006771,0.006906,0.006760,0.006883,803366,0,0,0
20160204,0.006882,0.006990,0.006856,0.006970,1174600,0,0,0
20160205,0.006965,0.007272,0.006958,0.007262,1186010,0,0,0
20160206,0.007273,0.007922,0.007247,0.007922,1859040,0,0,0
20160207,0.007924,0.008666,0.007924,0.008338,2460140,0,0,0
20160208,0.008375,0.008551,0.007959,0.007991,1048160,0,0,0
20160209,0.007999,0.008020,0.007736,0.007815,866765,0,0,0
20160210,0.007827,0.007943,0.007820,0.007853,668185,0,0,0
20160211,0.007857,0.007897,0.007770,0.007815,565522,0,0,0
20160212,0.007822,0.007979,0.007730,0.007979,816579,0,0,0
20160213,0.007961,0.008315,0.007937,0.008257,684444,0,0,0
20160214,0.008263,0.008639,0.008263,0.008590,1144830,0,0,0
20160215,0.008593,0.008656,0.008559,0.008631,734275,0,0,0
20160216,0.008631,0.008660,0.008434,0.008451,1012220,0,0,0
20160217,0.008456,0.008461,0.008113,0.008138,1556320,0,0,0
20160218,0.008135,0.008135,0.007897,0.007995,854073,0,0,0
20160219,0.007994,0.008252,0.007994,0.008245,710808,0,0,0
20160220,0.008253,0.008375,0.008220,0.008253,515312,0,0,0
20160221,0.008246,0.008282,0.008067,0.008100,472569,0,0,0
20160222,0.008100,0.008100,0.008040,0.008050,607198,0,0,0
20160223,0.008055,0.008070,0.007954,0.007970,807140,0,0,0
20160224,0.007971,0.008077,0.007951,0.008076,473097,0,0,0
20160225,0.008063,0.008076,0.008015,0.008027,825297,0,0,0
20160226,0.008025,0.008058,0.008014,0.008058,579986,0,0,0
20160227,0.008063,0.008077,0.007972,0.007972,417576,0,0,0
20160228,0.007977,0.007987,0.007854,0.007889,570935,0,0,0
20160229,0.007895,0.007938,0.007823,0.007923,689215,0,0,0
20160301,0.007923,0.008020,0.007923,0.008006,738772,0,0,0
20160302,0.008005,0.008055,0.007980,0.008030,409388,0,0,0
20160303,0.008028,0.008215,0.007993,0.008162,685240,0,0,0
20160304,0.008036,0.008220,0.008033,0.008096,567974,0,0,0
20160305,0.008117,0.008176,0.007824,0.007878,1148690,0,0,0
20160306,0.007857,0.007910,0.007801,0.007860,569577,0,0,0
20160307,0.007835,0.007979,0.007831,0.007918,587059,0,0,0
20160308,0.007911,0.007978,0.007895,0.007949,655974,0,0,0
20160309,0.007951,0.008094,0.007941,0.008056,396527,0,0,0
20160310,0.008051,0.008206,0.008045,0.008190,1348660,0,0,0
20160311,0.008183,0.008920,0.008183,0.008803,2831220,0,0,0
20160312,0.008801,0.008993,0.008611,0.008700,1536850,0,0,0
20160313,0.008698,0.008703,0.008579,0.008635,860868,0,0,0
20160314,0.008624,0.008628,0.008472,0.008479,846750,0,0,0
20160315,0.008478,0.008495,0.008035,0.008186,284572,0,0,0
20160316,0.008185,0.008325,0.008115,0.008178,219047,0,0,0
20160317,0.008183,0.008401,0.008162,0.008287,176475,0,0,0
20160318,0.008284,0.008356,0.008013,0.008119,229313,0,0,0
20160319,0.008124,0.008160,0.007894,0.008016,164010,0,0,0
20160320,0.008015,0.008046,0.007872,0.007960,115984,0,0,0
20160321,0.007956,0.008079,0.007880,0.008047,79784,0,0,0
20160322,0.008028,0.008215,0.008025,0.008110,604214,0,0,0
20160323,0.008109,0.008335,0.008106,0.008332,1022850,0,0,0
20160324,0.008335,0.008345,0.008229,0.008230,965196,0,0,0
20160325,0.008234,0.008273,0.008191,0.008191,753671,0,0,0
20160326,0.008190,0.008197,0.008053,0.008066,309664,0,0,0
20160327,0.008062,0.008081,0.008005,0.008029,418222,0,0,0
20160328,0.008025,0.008032,0.007467,0.007564,2114600,0,0,0
20160329,0.007573,0.007605,0.007397,0.007566,1116900,0,0,0
20160330,0.007568,0.007595,0.007327,0.007332,1210630,0,0,0
20160331,0.007332,0.007392,0.007274,0.007391,1036210,0,0,0
20160401,0.007391,0.007480,0.007391,0.007418,827273,0,0,0
20160402,0.007418,0.007505,0.007410,0.007501,390399,0,0,0
20160403,0.007504,0.007533,0.007492,0.007503,250112,0,0,0
20160404,0.007502,0.007515,0.007483,0.007491,300359,0,0,0
20160405,0.007488,0.007516,0.007451,0.007474,464037,0,0,0
20160406,0.007467,0.007468,0.007296,0.007296,796790,0,0,0
20160407,0.007308,0.007309,0.006875,0.006875,1450030,0,0,0
20160408,0.006875,0.006875,0.006657,0.006671,859428,0,0,0
20160409,0.006674,0.006679,0.006287,0.006288,1032700,0,0,0
20160410,0.006289,0.006295,0.005924,0.005937,774554,0,0,0
20160411,0.005937,0.006071,0.005883,0.006048,1871520,0,0,0
20160412,0.006048,0.006082,0.005873,0.005885,1085670,0,0,0
20160413,0.005884,0.005884,0.005685,0.005695,1384420,0,0,0
20160414,0.005697,0.006352,0.005693,0.006289,192592,0,0,0
20160415,0.006303,0.006473,0.006229,0.006424,156069,0,0,0
20160416,0.006421,0.006510,0.006276,0.006510,70487,0,0,0
20160417,0.006499,0.006605,0.006488,0.006499,54782,0,0,0
20160418,0.006503,0.007194,0.006503,0.006987,1066190,0,0,0
20160419,0.006987,0.007157,0.006982,0.007118,426257,0,0,0
20160420,0.007117,0.007259,0.007019,0.007244,1301350,0,0,0
20160421,0.007265,0.007536,0.007265,0.007433,1011580,0,0,0
20160422,0.007439,0.007439,0.007275,0.007284,955674,0,0,0
20160423,0.007282,0.007365,0.007282,0.007346,345650,0,0,0
20160424,0.007344,0.007350,0.007223,0.007251,472274,0,0,0
20160425,0.007250,0.007308,0.007234,0.007283,605219,0,0,0
20160426,0.007279,0.007293,0.007095,0.007095,884879,0,0,0
20160427,0.007094,0.007094,0.006725,0.006725,797081,0,0,0
20160428,0.006720,0.006724,0.006666,0.006686,752872,0,0,0
20160429,0.006689,0.006759,0.006671,0.006759,538253,0,0,0
20160430,0.006761,0.006849,0.006761,0.006812,406123,0,0,0
20160501,0.006812,0.006819,0.006789,0.006791,241733,0,0,0
20160502,0.006791,0.006803,0.006712,0.006714,585826,0,0,0
20160503,0.006716,0.006717,0.006555,0.006560,329125,0,0,0
20160504,0.006558,0.006560,0.006307,0.006323,563556,0,0,0
20160505,0.006323,0.006324,0.006187,0.006193,509188,0,0,0
20160506,0.006198,0.006400,0.006188,0.006399,680334,0,0,0
20160507,0.006395,0.006496,0.006395,0.006490,351537,0,0,0
20160508,0.006490,0.006492,0.006403,0.006404,389914,0,0,0
20160509,0.006402,0.006407,0.006386,0.006399,351209,0,0,0
20160510,0.006399,0.006399,0.006270,0.006272,404295,0,0,0
20160511,0.006272,0.006277,0.006186,0.006189,476708,0,0,0
20160512,0.006188,0.006188,0.006153,0.006167,362896,0,0,0
20160513,0.006167,0.006190,0.006105,0.006109,478095,0,0,0
20160514,0.006111,0.006116,0.006033,0.006073,274107,0,0,0
20160515,0.006072,0.006075,0.006006,0.006061,304621,0,0,0
20160516,0.006061,0.006070,0.006018,0.006022,389621,0,0,0
20160517,0.006022,0.006060,0.006022,0.006023,319996,0,0,0
20160518,0.006022,0.006052,0.006016,0.006028,701256,0,0,0
20160519,0.006025,0.006042,0.005988,0.006032,797005,0,0,0
20160520,0.006028,0.006084,0.006020,0.006084,549413,0,0,0
20160521,0.006090,0.006098,0.005988,0.005990,217884,0,0,0
20160522,0.005989,0.005992,0.005933,0.005936,273758,0,0,0
20160523,0.005935,0.005936,0.005905,0.005909,507430,0,0,0
20160524,0.005911,0.005964,0.005898,0.005962,471659,0,0,0
20160525,0.005962,0.005965,0.005754,0.005756,517124,0,0,0
20160526,0.005757,0.005757,0.005641,0.005669,678744,0,0,0
20160527,0.005670,0.005706,0.005650,0.005679,1073760,0,0,0
20160528,0.005676,0.005738,0.005659,0.005682,889921,0,0,0
20160529,0.005682,0.005729,0.005614,0.005662,829452,0,0,0
20160530,0.005664,0.005771,0.005645,0.005748,476095,0,0,0
20160531,0.005746,0.005758,0.005689,0.005706,847636,0,0,0
20160601,0.005701,0.005812,0.005690,0.005809,1018470,0,0,0
20160602,0.005809,0.005815,0.005757,0.005766,611429,0,0,0
20160603,0.005766,0.005870,0.005741,0.005827,437813,0,0,0
20160604,0.005829,0.005882,0.005755,0.005780,617159,0,0,0
20160605,0.005779,0.005820,0.005779,0.005796,544201,0,0,0
20160606,0.005795,0.005800,0.005751,0.005769,690096,0,0,0
20160607,0.005764,0.005787,0.005753,0.005780,783409,0,0,0
20160608,0.005780,0.005785,0.005753,0.005770,754945,0,0,0
20160609,0.005769,0.005789,0.005750,0.005788,520793,0,0,0
20160610,0.005785,0.005788,0.005732,0.005736,526917,0,0,0
20160611,0.005737,0.005766,0.005722,0.005766,398757,0,0,0
20160612,0.005766,0.005885,0.005747,0.005852,1133540,0,0,0
20160613,0.005852,0.005856,0.005765,0.005824,1537720,0,0,0
20160614,0.005828,0.007577,0.005798,0.007105,9904250,0,0,0
20160615,0.007093,0.007166,0.006871,0.006887,3269290,0,0,0
20160616,0.006889,0.006918,0.006624,0.006676,3072370,0,0,0
20160617,0.006681,0.006770,0.006637,0.006693,2143830,0,0,0
20160618,0.006693,0.006705,0.006529,0.006604,1190870,0,0,0
20160619,0.006585,0.006980,0.006561,0.006813,2413110,0,0,0
20160620,0.006818,0.006893,0.006626,0.006626,1710410,0,0,0
20160621,0.006630,0.006635,0.005976,0.006172,3258040,0,0,0
20160622,0.006179,0.006790,0.006084,0.006495,5052140,0,0,0
20160623,0.006519,0.006638,0.006253,0.006381,3207640,0,0,0
20160624,0.006380,0.006561,0.006348,0.006434,2408230,0,0,0
20160625,0.006427,0.006536,0.006383,0.006414,1175110,0,0,0
20160626,0.006409,0.006478,0.006354,0.006400,1236360,0,0,0
20160627,0.006402,0.006429,0.006364,0.006398,1136160,0,0,0
20160628,0.006407,0.006829,0.006407,0.006773,3149120,0,0,0
20160629,0.006775,0.006936,0.006670,0.006777,2063960,0,0,0
20160630,0.006778,0.006956,0.006640,0.006657,1046580,0,0,0
20160701,0.006651,0.006837,0.006633,0.006787,993538,0,0,0
20160702,0.006788,0.006809,0.006691,0.006699,503769,0,0,0
20160703,0.006714,0.006734,0.006582,0.006607,536311,0,0,0
20160704,0.006621,0.008447,0.006599,0.007028,875970,0,0,0
20160705,0.007029,0.007064,0.006659,0.006699,598865,0,0,0
20160706,0.006716,0.006743,0.006687,0.006691,600195,0,0,0
20160707,0.006689,0.006699,0.006495,0.006598,789693,0,0,0
20160708,0.006609,0.006715,0.006563,0.006715,604076,0,0,0
20160709,0.006717,0.006718,0.006624,0.006679,577447,0,0,0
20160710,0.006672,0.006676,0.006621,0.006674,571047,0,0,0
20160711,0.006671,0.006690,0.006530,0.006534,722627,0,0,0
20160712,0.006534,0.006593,0.006350,0.006350,977958,0,0,0
20160713,0.006350,0.006437,0.006350,0.006411,942245,0,0,0
20160714,0.006408,0.006425,0.006377,0.006385,682894,0,0,0
20160715,0.006388,0.006452,0.006388,0.006442,753167,0,0,0
20160716,0.006442,0.006572,0.006440,0.006572,659904,0,0,0
20160717,0.006571,0.006591,0.006516,0.006538,529265,0,0,0
20160718,0.006538,0.006540,0.006481,0.006482,442793,0,0,0
20160719,0.006479,0.006485,0.006397,0.006405,550843,0,0,0
20160720,0.006404,0.006422,0.006380,0.006395,790117,0,0,0
20160721,0.006390,0.006564,0.006374,0.006416,811193,0,0,0
20160722,0.006417,0.006423,0.006303,0.006303,780192,0,0,0
20160723,0.006303,0.006335,0.006270,0.006317,356569,0,0,0
20160724,0.006328,0.006333,0.006228,0.006286,315687,0,0,0
20160725,0.006293,0.006297,0.006225,0.006246,881632,0,0,0
20160726,0.006246,0.006250,0.005983,0.005998,1547830,0,0,0
20160727,0.005996,0.006008,0.005954,0.005969,1370090,0,0,0
20160728,0.005973,0.005986,0.005947,0.005974,1264650,0,0,0
20160729,0.005974,0.006112,0.005969,0.006111,779667,0,0,0
20160730,0.006112,0.006164,0.006107,0.006121,442025,0,0,0
20160731,0.006118,0.006122,0.005944,0.005945,648205,0,0,0
20160801,0.005942,0.005942,0.005904,0.005906,958956,0,0,0
20160802,0.005911,0.005933,0.005686,0.005690,1553690,0,0,0
20160803,0.005688,0.005701,0.005630,0.005646,1570660,0,0,0
20160804,0.005646,0.005820,0.005644,0.005816,1007960,0,0,0
20160805,0.005821,0.006450,0.005813,0.006447,697388,0,0,0
20160806,0.006448,0.006560,0.006239,0.006337,2164530,0,0,0
20160807,0.006337,0.006337,0.006156,0.006178,1303100,0,0,0
20160808,0.006160,0.006180,0.006021,0.006027,722628,0,0,0
20160809,0.006027,0.006181,0.006003,0.006163,1105300,0,0,0
20160810,0.006147,0.006221,0.006109,0.006194,865808,0,0,0
20160811,0.006196,0.006217,0.006162,0.006189,407711,0,0,0
20160812,0.006188,0.006189,0.006101,0.006123,646843,0,0,0
20160813,0.006119,0.006141,0.006080,0.006092,602600,0,0,0
20160814,0.006092,0.006093,0.005968,0.005994,499048,0,0,0
20160815,0.005993,0.006062,0.005969,0.006045,488337,0,0,0
20160816,0.006045,0.006188,0.006030,0.006140,1249860,0,0,0
20160817,0.006144,0.006158,0.006099,0.006109,1352830,0,0,0
20160818,0.006100,0.006123,0.006044,0.006122,1080170,0,0,0
20160819,0.006120,0.006199,0.006093,0.006119,1356390,0,0,0
20160820,0.006126,0.006148,0.006085,0.006114,399635,0,0,0
20160821,0.006116,0.006117,0.006012,0.006052,411952,0,0,0
20160822,0.006055,0.006072,0.005883,0.006000,686434,0,0,0
20160823,0.006002,0.006054,0.005960,0.006019,979256,0,0,0
20160824,0.006015,0.006059,0.005989,0.006052,1118660,0,0,0
20160825,0.006049,0.006085,0.006028,0.006079,716326,0,0,0
20160826,0.006083,0.006097,0.006019,0.006030,578722,0,0,0
20160827,0.006018,0.006042,0.005971,0.005975,233262,0,0,0
20160828,0.005974,0.006001,0.005955,0.005963,592108,0,0,0
20160829,0.005961,0.006140,0.005938,0.006131,1527760,0,0,0
20160830,0.006120,0.006129,0.006006,0.006026,928043,0,0,0
20160831,0.006036,0.006045,0.005915,0.006012,1169040,0,0,0
20160901,0.006013,0.006030,0.005980,0.005984,660021,0,0,0
20160902,0.005979,0.005985,0.005959,0.005970,583636,0,0,0
20160903,0.005967,0.005992,0.005928,0.005964,698318,0,0,0
20160904,0.005964,0.006002,0.005905,0.005954,800373,0,0,0
20160905,0.005948,0.005966,0.005889,0.005932,784460,0,0,0
20160906,0.005933,0.005955,0.005900,0.005912,773525,0,0,0
20160907,0.005915,0.005925,0.005888,0.005892,686254,0,0,0
20160908,0.005892,0.005941,0.005892,0.005902,869389,0,0,0
20160909,0.005901,0.005907,0.005857,0.005869,849260,0,0,0
20160910,0.005872,0.005882,0.005859,0.005870,310034,0,0,0
20160911,0.005866,0.005895,0.005815,0.005842,533904,0,0,0
20160912,0.005844,0.005912,0.005837,0.005897,680932,0,0,0
20160913,0.005899,0.005905,0.005871,0.005886,836942,0,0,0
20160914,0.005888,0.006042,0.005881,0.005961,1048560,0,0,0
20160915,0.005969,0.008765,0.005953,0.008303,15967600,0,0,0
20160916,0.008286,0.008333,0.007200,0.007446,12342800,0,0,0
20160917,0.007391,0.007535,0.006998,0.007018,1646260,0,0,0
20160918,0.007017,0.007019,0.006788,0.006853,2231350,0,0,0
20160919,0.006855,0.007178,0.006795,0.006858,2930120,0,0,0
20160920,0.006865,0.006911,0.006748,0.006785,1365440,0,0,0
20160921,0.006809,0.006908,0.006709,0.006829,1719470,0,0,0
20160922,0.006833,0.006986,0.006809,0.006843,1491330,0,0,0
20160923,0.006848,0.007300,0.006807,0.007211,3104540,0,0,0
20160924,0.007234,0.007424,0.007170,0.007362,2170050,0,0,0
20160925,0.007356,0.007986,0.007316,0.007855,4699860,0,0,0
20160926,0.007872,0.008593,0.007847,0.007963,9102940,0,0,0
20160927,0.007959,0.008306,0.007919,0.008229,6131430,0,0,0
20160928,0.008220,0.009082,0.008220,0.009048,7558520,0,0,0
20160929,0.009065,0.009090,0.008707,0.008914,5974090,0,0,0
20160930,0.008910,0.009240,0.008789,0.008830,7561150,0,0,0
20161001,0.008839,0.008848,0.008186,0.008205,5895530,0,0,0
20161002,0.008197,0.008316,0.008084,0.008165,2072840,0,0,0
20161003,0.008165,0.008241,0.008065,0.008089,2776300,0,0,0
20161004,0.008115,0.008132,0.007853,0.007853,2642950,0,0,0
20161005,0.007873,0.007895,0.007407,0.007435,4840340,0,0,0
20161006,0.007429,0.007460,0.007321,0.007382,2826190,0,0,0
20161007,0.007377,0.007459,0.007350,0.007377,3042600,0,0,0
20161008,0.007371,0.007377,0.007260,0.007310,2019560,0,0,0
20161009,0.007310,0.007563,0.007299,0.007543,3390900,0,0,0
20161010,0.007542,0.008105,0.007542,0.007978,6150610,0,0,0
20161011,0.007993,0.008324,0.007905,0.008234,4003630,0,0,0
20161012,0.008208,0.008507,0.007934,0.007949,2943130,0,0,0
20161013,0.007951,0.007984,0.007867,0.007982,1009720,0,0,0
20161014,0.007980,0.008960,0.007970,0.008767,1915430,0,0,0
20161015,0.008769,0.008885,0.008130,0.008146,781979,0,0,0
20161016,0.008137,0.008230,0.008055,0.008078,608355,0,0,0
20161017,0.008079,0.008144,0.008011,0.008030,2485290,0,0,0
20161018,0.008032,0.008350,0.008026,0.008350,3782990,0,0,0
20161019,0.008348,0.008637,0.008318,0.008627,3360180,0,0,0
20161020,0.008636,0.009124,0.008620,0.009092,5895540,0,0,0
20161021,0.009090,0.009128,0.008856,0.009029,4055710,0,0,0
20161022,0.009027,0.009081,0.008864,0.008972,1649580,0,0,0
20161023,0.008977,0.009454,0.008915,0.009454,974189,0,0,0
20161024,0.009432,0.009485,0.009054,0.009065,1717690,0,0,0
20161025,0.009065,0.009135,0.008882,0.008891,2780690,0,0,0
20161026,0.008884,0.008944,0.008815,0.008835,2969280,0,0,0
20161027,0.008833,0.008849,0.008468,0.008481,4302920,0,0,0
20161028,0.008483,0.008492,0.008081,0.008143,3881320,0,0,0
20161029,0.008157,0.008162,0.007674,0.007732,3471390,0,0,0
20161030,0.007738,0.008018,0.007716,0.008014,2071780,0,0,0
20161031,0.008014,0.008261,0.008014,0.008196,2515480,0,0,0
20161101,0.008197,0.008259,0.008083,0.008102,1875440,0,0,0
20161102,0.008104,0.008222,0.008088,0.008222,1739300,0,0,0
20161103,0.008221,0.008243,0.007975,0.008021,3114110,0,0,0
20161104,0.008015,0.008161,0.008008,0.008157,2707110,0,0,0
20161105,0.008157,0.008261,0.008155,0.008230,967011,0,0,0
20161106,0.008230,0.008277,0.008187,0.008193,784787,0,0,0
20161107,0.008197,0.008197,0.008088,0.008108,2308500,0,0,0
20161108,0.008111,0.008246,0.008108,0.008206,2477080,0,0,0
20161109,0.008205,0.008222,0.008074,0.008079,3575540,0,0,0
20161110,0.008081,0.008138,0.008043,0.008136,2600650,0,0,0
20161111,0.008131,0.008146,0.008058,0.008065,2039200,0,0,0
20161112,0.008061,0.008105,0.008019,0.008044,1708000,0,0,0
20161113,0.008039,0.008258,0.007968,0.008257,2201990,0,0,0
20161114,0.008255,0.008308,0.008059,0.008098,1283330,0,0,0
20161115,0.008099,0.008115,0.007876,0.007881,3078090,0,0,0
20161116,0.007888,0.007944,0.007842,0.007842,2905840,0,0,0
20161117,0.007851,0.007867,0.007721,0.007727,2401030,0,0,0
20161118,0.007722,0.007778,0.007709,0.007778,2487390,0,0,0
20161119,0.007778,0.007809,0.007753,0.007799,1296770,0,0,0
20161120,0.007799,0.007806,0.007626,0.007651,1875290,0,0,0
20161121,0.007649,0.007651,0.007566,0.007566,2594010,0,0,0
20161122,0.007567,0.007567,0.007431,0.007434,2400100,0,0,0
20161123,0.007434,0.007435,0.007035,0.007061,3730650,0,0,0
20161124,0.007062,0.007069,0.006945,0.006950,1845880,0,0,0
20161125,0.006948,0.006979,0.006888,0.006902,995869,0,0,0
20161126,0.006895,0.007390,0.006847,0.007390,560816,0,0,0
20161127,0.007385,0.007499,0.007070,0.007074,525140,0,0,0
20161128,0.007082,0.007114,0.006947,0.007008,1818750,0,0,0
20161129,0.007009,0.007042,0.006780,0.006780,1551670,0,0,0
20161130,0.006779,0.006784,0.006720,0.006723,1495310,0,0,0
20161201,0.006723,0.006737,0.006702,0.006702,1142000,0,0,0
20161202,0.006707,0.006906,0.006615,0.006660,1756030,0,0,0
20161203,0.006712,0.006890,0.006588,0.006588,1213480,0,0,0
20161204,0.006592,0.006594,0.006519,0.006527,1167110,0,0,0
20161205,0.006525,0.006761,0.006419,0.006434,867666,0,0,0
20161206,0.006435,0.006655,0.006417,0.006655,1396500,0,0,0
20161207,0.006653,0.006851,0.006565,0.006851,2805260,0,0,0
20161208,0.006849,0.007156,0.006829,0.007097,2789540,0,0,0
20161209,0.007091,0.007162,0.007007,0.007135,2421860,0,0,0
20161210,0.007138,0.007145,0.006816,0.006816,1297860,0,0,0
20161211,0.006816,0.006998,0.006731,0.006744,978511,0,0,0
20161212,0.006744,0.006809,0.006743,0.006778,1449640,0,0,0
20161213,0.006780,0.006781,0.006678,0.006708,1946660,0,0,0
20161214,0.006704,0.006753,0.006690,0.006705,2002770,0,0,0
20161215,0.006699,0.006699,0.006606,0.006662,1050570,0,0,0
20161216,0.006662,0.006791,0.006661,0.006710,2575390,0,0,0
20161217,0.006704,0.006711,0.006535,0.006541,1838990,0,0,0
20161218,0.006541,0.006580,0.006533,0.006574,1194400,0,0,0
20161219,0.006582,0.006582,0.006534,0.006545,1109670,0,0,0
20161220,0.006540,0.006543,0.006481,0.006500,2284690,0,0,0
20161221,0.006498,0.006498,0.006417,0.006445,2300840,0,0,0
20161222,0.006452,0.006466,0.006324,0.006363,2897110,0,0,0
20161223,0.006362,0.006436,0.006281,0.006286,3514540,0,0,0
20161224,0.006275,0.006371,0.006234,0.006349,2495670,0,0,0
20161225,0.006350,0.006453,0.006334,0.006444,2188780,0,0,0
20161226,0.006443,0.006481,0.006323,0.006326,1640840,0,0,0
20161227,0.006326,0.006326,0.006188,0.006199,2471000,0,0,0
20161228,0.006193,0.006336,0.006126,0.006173,2064130,0,0,0
20161229,0.006180,0.006354,0.006167,0.006341,1345050,0,0,0
20161230,0.006352,0.006455,0.006338,0.006426,1379470,0,0,0
20161231,0.006417,0.006538,0.006387,0.006449,272884,0,0,0
20170101,0.006523,0.006702,0.006334,0.006368,418978,0,0,0
20170102,0.006386,0.006437,0.006281,0.006311,1046250,0,0,0
20170103,0.006290,0.006392,0.006278,0.006386,1014830,0,0,0
20170104,0.006385,0.006656,0.006385,0.006570,1642730,0,0,0
20170105,0.006572,0.006580,0.006031,0.006201,4058170,0,0,0
20170106,0.006197,0.006394,0.006109,0.006315,1746150,0,0,0
20170107,0.006351,0.006404,0.006133,0.006366,1351030,0,0,0
20170108,0.006383,0.006383,0.006232,0.006233,554133,0,0,0
20170109,0.006239,0.006294,0.006127,0.006167,702255,0,0,0
20170110,0.006157,0.006815,0.006148,0.006698,2510530,0,0,0
20170111,0.006708,0.006721,0.006312,0.006411,3436270,0,0,0
20170112,0.006417,0.006851,0.006351,0.006423,5013190,0,0,0
20170113,0.006434,0.006664,0.006396,0.006596,2059340,0,0,0
20170114,0.006610,0.006872,0.006585,0.006863,1307810,0,0,0
20170115,0.006867,0.006925,0.006726,0.006726,780822,0,0,0
20170116,0.006747,0.006836,0.006717,0.006788,699284,0,0,0
20170117,0.006772,0.006848,0.006612,0.006800,1842150,0,0,0
20170118,0.006790,0.007125,0.006659,0.006709,1342730,0,0,0
20170119,0.006713,0.007040,0.006671,0.007034,760684,0,0,0
20170120,0.007032,0.007160,0.006610,0.006675,620052,0,0,0
20170121,0.006694,0.006824,0.006678,0.006706,553724,0,0,0
20170122,0.006706,0.006759,0.006653,0.006713,362422,0,0,0
20170123,0.006718,0.006735,0.006662,0.006697,309838,0,0,0
20170124,0.006708,0.006718,0.006534,0.006540,509262,0,0,0
20170125,0.006527,0.006594,0.006490,0.006513,522497,0,0,0
20170126,0.006511,0.007073,0.006425,0.006690,1446950,0,0,0
20170127,0.006685,0.006815,0.006331,0.006415,924745,0,0,0
20170128,0.006409,0.006419,0.006323,0.006342,241491,0,0,0
20170129,0.006356,0.006493,0.006287,0.006402,325176,0,0,0
20170130,0.006402,0.006468,0.006353,0.006381,391822,0,0,0
20170131,0.006390,0.006411,0.006297,0.006314,661444,0,0,0
20170201,0.006311,0.006642,0.006249,0.006540,1836820,0,0,0
20170202,0.006540,0.006630,0.006381,0.006469,670888,0,0,0
20170203,0.006466,0.006510,0.006401,0.006474,548263,0,0,0
20170204,0.006487,0.006528,0.006429,0.006492,314187,0,0,0
20170205,0.006494,0.006563,0.006403,0.006442,367001,0,0,0
20170206,0.006439,0.006494,0.006397,0.006450,386766,0,0,0
20170207,0.006437,0.006509,0.006378,0.006407,945440,0,0,0
20170208,0.006407,0.007833,0.006402,0.006438,860217,0,0,0
20170209,0.006433,0.006484,0.006193,0.006374,1700680,0,0,0
20170210,0.006367,0.006700,0.006192,0.006289,808768,0,0,0
20170211,0.006290,0.006395,0.006273,0.006333,334607,0,0,0
20170212,0.006328,0.006364,0.006269,0.006269,230479,0,0,0
20170213,0.006267,0.006338,0.006228,0.006251,462843,0,0,0
20170214,0.006240,0.006352,0.006240,0.006278,671150,0,0,0
20170215,0.006279,0.006302,0.006095,0.006147,813299,0,0,0
20170216,0.006138,0.006244,0.005988,0.006027,1355840,0,0,0
20170217,0.005939,0.006095,0.005872,0.005935,1160600,0,0,0
20170218,0.005949,0.006014,0.005427,0.005569,1866850,0,0,0
20170219,0.005589,0.005892,0.005570,0.005878,896856,0,0,0
20170220,0.005879,0.005949,0.005740,0.005873,880117,0,0,0
20170221,0.005871,0.005909,0.005735,0.005832,653081,0,0,0
20170222,0.005849,0.005887,0.005817,0.005860,500712,0,0,0
20170223,0.005856,0.005943,0.005798,0.005895,750533,0,0,0
20170224,0.005883,0.005919,0.005644,0.005701,1343690,0,0,0
20170225,0.005700,0.005743,0.005628,0.005665,684577,0,0,0
20170226,0.005664,0.005733,0.005651,0.005671,258373,0,0,0
20170227,0.005665,0.005696,0.005608,0.005609,641126,0,0,0
20170228,0.005608,0.005631,0.005438,0.005536,1693350,0,0,0
20170301,0.005525,0.005547,0.005372,0.005408,1630460,0,0,0
20170302,0.005419,0.006217,0.005408,0.005991,3811500,0,0,0
20170303,0.005988,0.006346,0.005968,0.006339,2703850,0,0,0
20170304,0.006354,0.006497,0.006278,0.006299,1372440,0,0,0
20170305,0.006290,0.006389,0.006129,0.006129,1044760,0,0,0
20170306,0.006129,0.006221,0.006047,0.006057,1023500,0,0,0
20170307,0.006057,0.006577,0.005974,0.006534,2901920,0,0,0
20170308,0.006551,0.006776,0.006363,0.006509,3432500,0,0,0
20170309,0.006485,0.006606,0.006423,0.006498,2064660,0,0,0
20170310,0.006503,0.006546,0.006050,0.006227,3144440,0,0,0
20170311,0.006229,0.006383,0.006130,0.006238,1818590,0,0,0
20170312,0.006214,0.006313,0.006086,0.006255,1531030,0,0,0
20170313,0.006271,0.006429,0.006156,0.006385,2561890,0,0,0
20170314,0.006346,0.006406,0.006277,0.006381,1358830,0,0,0
20170315,0.006370,0.006500,0.006301,0.006314,1376090,0,0,0
20170316,0.006319,0.006409,0.006213,0.006394,3860210,0,0,0
20170317,0.006406,0.006406,0.005970,0.006116,3442010,0,0,0
20170318,0.006137,0.007396,0.006118,0.006710,7223300,0,0,0
20170319,0.006736,0.007198,0.006556,0.006912,4241970,0,0,0
20170320,0.006915,0.007112,0.006761,0.006975,3423710,0,0,0
20170321,0.006996,0.007075,0.006792,0.006909,3021440,0,0,0
20170322,0.006908,0.007460,0.006882,0.007301,4652530,0,0,0
20170323,0.007284,0.010582,0.007258,0.010582,12315100,0,0,0
20170324,0.010528,0.010825,0.009135,0.010518,24493700,0,0,0
20170325,0.010502,0.010711,0.009040,0.009116,11334900,0,0,0
20170326,0.009159,0.009840,0.009079,0.009545,5475230,0,0,0
20170327,0.009482,0.010053,0.009155,0.009597,6336150,0,0,0
20170328,0.009568,0.009644,0.009280,0.009514,3111280,0,0,0
20170329,0.009526,0.010101,0.009520,0.010101,3344230,0,0,0
20170330,0.010125,0.014126,0.010125,0.013276,19821800,0,0,0
20170331,0.013049,0.021776,0.013049,0.020889,72699400,0,0,0
20170401,0.021743,0.022798,0.019664,0.021892,30657700,0,0,0
20170402,0.021938,0.071441,0.021696,0.061159,230622000,0,0,0
20170403,0.060291,0.061594,0.027447,0.033023,155550000,0,0,0
20170404,0.033032,0.040702,0.028324,0.037455,78538100,0,0,0
20170405,0.037386,0.040178,0.035214,0.035544,42360300,0,0,0
20170406,0.035672,0.036843,0.029463,0.032665,48264600,0,0,0
20170407,0.032740,0.036935,0.030789,0.036319,36825000,0,0,0
20170408,0.036355,0.036894,0.034932,0.035849,14782600,0,0,0
20170409,0.035799,0.035799,0.032327,0.034020,15695600,0,0,0
20170410,0.034123,0.035091,0.032806,0.033598,12012700,0,0,0
20170411,0.033677,0.034576,0.032035,0.032952,11301000,0,0,0
20170412,0.033002,0.034794,0.032477,0.034336,13437000,0,0,0
20170413,0.034459,0.035574,0.033461,0.034383,15872400,0,0,0
20170414,0.034262,0.035127,0.032986,0.033779,8869300,0,0,0
20170415,0.033528,0.034281,0.033277,0.033955,4972610,0,0,0
20170416,0.033880,0.034002,0.033194,0.033462,5980280,0,0,0
20170417,0.033400,0.034060,0.032955,0.033655,7933260,0,0,0
20170418,0.033638,0.034021,0.032866,0.033183,8970210,0,0,0
20170419,0.033181,0.033387,0.029687,0.030173,13265600,0,0,0
20170420,0.030259,0.030611,0.027493,0.029984,25650400,0,0,0
20170421,0.029727,0.034044,0.029216,0.032780,28245700,0,0,0
20170422,0.033122,0.033279,0.031422,0.031770,9020550,0,0,0
20170423,0.031878,0.031974,0.030742,0.031278,4976320,0,0,0
20170424,0.031236,0.031436,0.030738,0.031384,6333250,0,0,0
20170425,0.031409,0.033826,0.031297,0.032346,13469200,0,0,0
20170426,0.032390,0.033509,0.032183,0.032797,11921700,0,0,0
20170427,0.032827,0.035376,0.032157,0.034816,16661600,0,0,0
20170428,0.034843,0.045111,0.034784,0.044475,81121600,0,0,0
20170429,0.044558,0.057719,0.044558,0.052868,114359000,0,0,0
20170430,0.052807,0.054646,0.049574,0.051607,41974200,0,0,0
20170501,0.051580,0.057779,0.049317,0.055115,61730100,0,0,0
20170502,0.054646,0.055639,0.050710,0.053908,33814700,0,0,0
20170503,0.053905,0.061435,0.052283,0.060490,42869000,0,0,0
20170504,0.061062,0.085499,0.059283,0.078914,153374000,0,0,0
20170505,0.080229,0.106935,0.078704,0.093550,184430000,0,0,0
20170506,0.093429,0.106144,0.093429,0.101791,88394200,0,0,0
20170507,0.101929,0.148274,0.098938,0.141763,249029000,0,0,0
20170508,0.141620,0.237587,0.135105,0.198212,402611000,0,0,0
20170509,0.199198,0.216890,0.134406,0.160074,214002000,0,0,0
20170510,0.158471,0.201207,0.156363,0.186066,138792000,0,0,0
20170511,0.185035,0.194828,0.162431,0.183135,103699000,0,0,0
20170512,0.182760,0.209535,0.180984,0.206068,123635000,0,0,0
20170513,0.206697,0.223602,0.186980,0.214878,117101000,0,0,0
20170514,0.215179,0.223486,0.211186,0.220223,69732000,0,0,0
20170515,0.220069,0.270720,0.220069,0.270720,223923000,0,0,0
20170516,0.269824,0.349861,0.269824,0.349861,440882000,0,0,0
20170517,0.355124,0.435170,0.326358,0.394132,470974000,0,0,0
20170518,0.394931,0.408012,0.331116,0.364869,237644000,0,0,0
20170519,0.363505,0.363505,0.300794,0.327801,269894000,0,0,0
20170520,0.328631,0.370361,0.303941,0.351634,237792000,0,0,0
20170521,0.353164,0.367636,0.332222,0.336201,129765000,0,0,0
20170522,0.338403,0.345412,0.270091,0.317954,265699000,0,0,0
20170523,0.313347,0.354014,0.291893,0.323368,153050000,0,0,0
20170524,0.325054,0.357358,0.293009,0.295890,166168000,0,0,0
20170525,0.291834,0.303467,0.238308,0.246065,237805000,0,0,0
20170526,0.245083,0.327812,0.245083,0.271808,253935000,0,0,0
20170527,0.272697,0.283363,0.162345,0.212549,255532000,0,0,0
20170528,0.212887,0.242395,0.204652,0.229554,122253000,0,0,0
20170529,0.227189,0.242820,0.214777,0.232070,86555600,0,0,0
20170530,0.232191,0.237367,0.205324,0.205324,92808700,0,0,0
20170531,0.205360,0.247677,0.193839,0.246590,160620000,0,0,0
20170601,0.243946,0.336797,0.243946,0.333657,588819000,0,0,0
20170602,0.333645,0.335809,0.290710,0.303448,293677000,0,0,0
20170603,0.300460,0.310863,0.277563,0.294580,155454000,0,0,0
20170604,0.298386,0.313944,0.277185,0.299413,153488000,0,0,0
20170605,0.299862,0.302394,0.284600,0.294003,78433500,0,0,0
20170606,0.294028,0.294537,0.276248,0.284548,132720000,0,0,0
20170607,0.284677,0.298379,0.278874,0.279783,145839000,0,0,0
20170608,0.280902,0.298570,0.276441,0.289678,103152000,0,0,0
20170609,0.289695,0.299493,0.285884,0.286019,102482000,0,0,0
20170610,0.285806,0.288991,0.257879,0.260874,156721000,0,0,0
20170611,0.259445,0.277735,0.259113,0.272759,114566000,0,0,0
20170612,0.273075,0.283290,0.247476,0.253964,149942000,0,0,0
20170613,0.253823,0.274659,0.252200,0.266153,111937000,0,0,0
20170614,0.265823,0.307854,0.263202,0.278447,431096000,0,0,0
20170615,0.278196,0.278923,0.240868,0.259266,191548000,0,0,0
20170616,0.259473,0.266211,0.252408,0.262068,88152400,0,0,0
20170617,0.262358,0.270717,0.258105,0.268351,121948000,0,0,0
20170618,0.268085,0.289468,0.265078,0.284600,232512000,0,0,0
20170619,0.283977,0.296068,0.280233,0.296068,164955000,0,0,0
20170620,0.292194,0.339533,0.290147,0.324427,793610000,0,0,0
20170621,0.324623,0.327760,0.283614,0.296366,358493000,0,0,0
20170622,0.299886,0.305852,0.291519,0.297848,194551000,0,0,0
20170623,0.297718,0.320751,0.295551,0.319978,177221000,0,0,0
20170624,0.319188,0.327117,0.306487,0.311110,313710000,0,0,0
20170625,0.310816,0.311157,0.289148,0.298423,158845000,0,0,0
20170626,0.298770,0.301980,0.260819,0.277288,280100000,0,0,0
20170627,0.277288,0.278810,0.251052,0.276306,186951000,0,0,0
20170628,0.275391,0.281490,0.267840,0.280455,126278000,0,0,0
20170629,0.280565,0.280873,0.264175,0.265421,89745300,0,0,0
20170630,0.266060,0.269160,0.262242,0.262930,67764500,0,0,0
20170701,0.262855,0.263053,0.252966,0.254744,53611000,0,0,0
20170702,0.254512,0.259951,0.250944,0.259449,54095000,0,0,0
20170703,0.258977,0.262354,0.255666,0.259959,60367800,0,0,0
20170704,0.259841,0.262258,0.254387,0.254709,56008900,0,0,0
20170705,0.255125,0.261713,0.254275,0.256523,73292100,0,0,0
20170706,0.256374,0.257148,0.253303,0.254641,43845800,0,0,0
20170707,0.254858,0.255431,0.238892,0.239480,88408000,0,0,0
20170708,0.239741,0.239741,0.221769,0.236134,124578000,0,0,0
20170709,0.236884,0.248501,0.233416,0.233416,82755000,0,0,0
20170710,0.234067,0.234067,0.185418,0.203165,119367000,0,0,0
20170711,0.196415,0.203320,0.168265,0.185019,271415000,0,0,0
20170712,0.184198,0.205898,0.177162,0.205354,153023000,0,0,0
20170713,0.205873,0.230452,0.193357,0.200809,216750000,0,0,0
20170714,0.200819,0.201156,0.183369,0.190769,97037600,0,0,0
20170715,0.190976,0.191167,0.167118,0.170589,131779000,0,0,0
20170716,0.169480,0.172575,0.119770,0.148056,257944000,0,0,0
20170717,0.150146,0.179604,0.141425,0.177889,312685000,0,0,0
20170718,0.179668,0.195807,0.165966,0.188718,295841000,0,0,0
20170719,0.188498,0.188533,0.158188,0.168388,147778000,0,0,0
20170720,0.170017,0.192918,0.167718,0.188295,183292000,0,0,0
20170721,0.189430,0.190708,0.181098,0.182608,104722000,0,0,0
20170722,0.182168,0.195009,0.181447,0.193320,83913800,0,0,0
20170723,0.193568,0.204121,0.188722,0.195058,195682000,0,0,0
20170724,0.194979,0.195279,0.189835,0.192002,56632800,0,0,0
20170725,0.192280,0.192734,0.169797,0.178104,166807000,0,0,0
20170726,0.177582,0.180872,0.169060,0.173822,76584600,0,0,0
20170727,0.175210,0.176602,0.171980,0.173457,34575100,0,0,0
20170728,0.173211,0.174078,0.162183,0.165937,74649800,0,0,0
20170729,0.165218,0.171566,0.155475,0.169871,80897000,0,0,0
20170730,0.169494,0.170411,0.164094,0.165082,40621700,0,0,0
20170731,0.165050,0.169535,0.162002,0.167386,57273800,0,0,0
20170801,0.168024,0.178332,0.166124,0.177053,119957000,0,0,0
20170802,0.177531,0.179655,0.171618,0.173113,53441400,0,0,0
20170803,0.173218,0.175969,0.171730,0.174612,31479000,0,0,0
20170804,0.174555,0.176053,0.172224,0.173743,45170000,0,0,0
20170805,0.173865,0.187844,0.173267,0.184737,114270000,0,0,0
20170806,0.185398,0.189486,0.180298,0.180444,74161600,0,0,0
20170807,0.179716,0.181847,0.177605,0.179021,58052100,0,0,0
20170808,0.179602,0.194391,0.178487,0.192586,180028000,0,0,0
20170809,0.192527,0.192914,0.180629,0.182947,97805400,0,0,0
20170810,0.183168,0.183500,0.180013,0.180399,48162800,0,0,0
20170811,0.180175,0.182631,0.177627,0.179307,54059700,0,0,0
20170812,0.179221,0.182599,0.173242,0.173853,65229300,0,0,0
20170813,0.173545,0.174147,0.162625,0.168092,110199000,0,0,0
20170814,0.168376,0.180054,0.165289,0.169991,84388300,0,0,0
20170815,0.169790,0.169790,0.158244,0.161221,100614000,0,0,0
20170816,0.161238,0.161726,0.153087,0.160431,107920000,0,0,0
20170817,0.160787,0.161001,0.155909,0.157498,56084300,0,0,0
20170818,0.157117,0.168716,0.154162,0.158883,146539000,0,0,0
20170819,0.159553,0.162348,0.152305,0.155057,87062100,0,0,0
20170820,0.154569,0.161205,0.153432,0.158735,68542800,0,0,0
20170821,0.158410,0.205684,0.154856,0.191918,447089000,0,0,0
20170822,0.194971,0.254659,0.171483,0.239286,1450040000,0,0,0
20170823,0.240987,0.297662,0.219992,0.246827,1770400000,0,0,0
20170824,0.252371,0.288783,0.212543,0.218958,1342360000,0,0,0
20170825,0.217200,0.232184,0.203022,0.217828,504484000,0,0,0
20170826,0.218256,0.229086,0.210324,0.212577,184121000,0,0,0
20170827,0.212617,0.212617,0.197717,0.202995,193971000,0,0,0
20170828,0.203425,0.236260,0.196610,0.224508,542468000,0,0,0
20170829,0.224026,0.225926,0.214867,0.218564,269770000,0,0,0
20170830,0.218871,0.229805,0.217476,0.228006,181186000,0,0,0
20170831,0.227558,0.261038,0.225907,0.255630,432574000,0,0,0
20170901,0.255803,0.256162,0.243833,0.248479,283576000,0,0,0
20170902,0.249348,0.249680,0.217774,0.226669,329928000,0,0,0
20170903,0.227229,0.236443,0.218662,0.228811,186526000,0,0,0
20170904,0.228781,0.228781,0.195960,0.204968,239613000,0,0,0
20170905,0.205110,0.218674,0.190232,0.215189,242636000,0,0,0
20170906,0.214951,0.226860,0.214805,0.226186,163297000,0,0,0
20170907,0.226382,0.227210,0.219618,0.223640,103080000,0,0,0
20170908,0.223615,0.224308,0.206103,0.211518,151329000,0,0,0
20170909,0.211293,0.211892,0.206395,0.209995,51185500,0,0,0
20170910,0.209606,0.216529,0.197605,0.213031,117091000,0,0,0
20170911,0.212513,0.220057,0.210353,0.214441,138339000,0,0,0
20170912,0.214860,0.220623,0.207608,0.209303,94519500,0,0,0
20170913,0.209630,0.209674,0.196179,0.200778,105471000,0,0,0
20170914,0.200427,0.202010,0.164167,0.164167,152533000,0,0,0
20170915,0.165035,0.189184,0.150973,0.181358,289414000,0,0,0
20170916,0.181925,0.187417,0.172279,0.179082,84495200,0,0,0
20170917,0.178377,0.181121,0.171017,0.178393,49161100,0,0,0
20170918,0.178309,0.190019,0.178309,0.189768,88397900,0,0,0
20170919,0.189819,0.190680,0.181334,0.184041,54046100,0,0,0
20170920,0.183710,0.186229,0.180333,0.182078,34521600,0,0,0
20170921,0.180981,0.182109,0.171148,0.171754,43583200,0,0,0
20170922,0.171567,0.175870,0.169291,0.173510,37244700,0,0,0
20170923,0.173371,0.178672,0.171527,0.177882,32476700,0,0,0
20170924,0.178175,0.178939,0.174165,0.175787,20566500,0,0,0
20170925,0.175519,0.183665,0.174939,0.181487,35622600,0,0,0
20170926,0.181968,0.191247,0.180085,0.186119,70000700,0,0,0
20170927,0.185297,0.207687,0.185098,0.203299,249934000,0,0,0
20170928,0.202532,0.203271,0.191344,0.196131,117962000,0,0,0
20170929,0.196105,0.196203,0.187172,0.193606,72291200,0,0,0
20170930,0.193824,0.199826,0.193497,0.197529,54729300,0,0,0
20171001,0.197622,0.207185,0.196170,0.206532,51345500,0,0,0
20171002,0.206077,0.206556,0.199444,0.202676,77412300,0,0,0
20171003,0.203209,0.204808,0.198730,0.203318,48703100,0,0,0
20171004,0.203218,0.217024,0.202647,0.214774,123573000,0,0,0
20171005,0.215583,0.241023,0.215583,0.237016,404299000,0,0,0
20171006,0.237726,0.242424,0.233533,0.234039,167492000,0,0,0
20171007,0.233963,0.239336,0.233478,0.238610,77950200,0,0,0
20171008,0.238312,0.279944,0.237532,0.279944,529838000,0,0,0
20171009,0.278758,0.278758,0.240430,0.251825,610110000,0,0,0
20171010,0.252825,0.266560,0.241193,0.260733,384049000,0,0,0
20171011,0.260658,0.267843,0.259080,0.264439,161206000,0,0,0
20171012,0.265046,0.267468,0.248414,0.248414,245004000,0,0,0
20171013,0.248285,0.264250,0.238867,0.260489,398689000,0,0,0
20171014,0.261150,0.267721,0.257320,0.257320,211160000,0,0,0
20171015,0.257537,0.268419,0.249048,0.263983,280211000,0,0,0
20171016,0.263386,0.291359,0.249010,0.256232,963158000,0,0,0
20171017,0.256098,0.263147,0.222939,0.232064,411265000,0,0,0
20171018,0.231216,0.238150,0.207265,0.218520,354225000,0,0,0
20171019,0.218229,0.231790,0.208317,0.215150,304542000,0,0,0
20171020,0.215086,0.223822,0.208754,0.210549,182704000,0,0,0
20171021,0.210189,0.212381,0.200774,0.211016,116807000,0,0,0
20171022,0.210958,0.211901,0.200722,0.204177,75849500,0,0,0
20171023,0.203504,0.203919,0.190729,0.196928,99914800,0,0,0
20171024,0.195567,0.217508,0.190455,0.206644,220081000,0,0,0
20171025,0.207113,0.208237,0.201803,0.204604,75017500,0,0,0
20171026,0.204444,0.206289,0.202660,0.203628,38193100,0,0,0
20171027,0.203668,0.204492,0.201771,0.202785,29623000,0,0,0
20171028,0.202592,0.203476,0.201401,0.201835,26864900,0,0,0
20171029,0.201358,0.205209,0.200075,0.202785,62511100,0,0,0
20171030,0.203076,0.204135,0.201946,0.202711,34835100,0,0,0
20171031,0.202405,0.203778,0.200461,0.200558,43875700,0,0,0
20171101,0.200247,0.201501,0.193613,0.194124,67921000,0,0,0
20171102,0.194596,0.211848,0.183815,0.205861,197770000,0,0,0
20171103,0.206205,0.228026,0.201728,0.208133,373402000,0,0,0
20171104,0.208083,0.208479,0.202133,0.203750,74013200,0,0,0
20171105,0.203274,0.205124,0.201117,0.202055,46959000,0,0,0
20171106,0.201967,0.208662,0.201410,0.205990,102233000,0,0,0
20171107,0.205103,0.211375,0.203978,0.210354,114073000,0,0,0
20171108,0.210675,0.221458,0.208060,0.217437,156959000,0,0,0
20171109,0.217911,0.221791,0.214866,0.217488,147917000,0,0,0
20171110,0.218256,0.219068,0.205260,0.206483,141033000,0,0,0
20171111,0.205948,0.214456,0.205459,0.210430,134503000,0,0,0
20171112,0.210214,0.210214,0.195389,0.197339,251175000,0,0,0
20171113,0.197472,0.204081,0.197456,0.203442,132567000,0,0,0
20171114,0.203679,0.213693,0.203679,0.209825,127361000,0,0,0
20171115,0.208937,0.213105,0.208058,0.212956,100294000,0,0,0
20171116,0.212655,0.271790,0.209287,0.227107,1022580000,0,0,0
20171117,0.224768,0.239409,0.220273,0.226581,397071000,0,0,0
20171118,0.226547,0.230399,0.222399,0.228627,144298000,0,0,0
20171119,0.228140,0.236231,0.226037,0.231016,193808000,0,0,0
20171120,0.231336,0.243430,0.230917,0.238759,214663000,0,0,0
20171121,0.237978,0.240974,0.227200,0.233271,217851000,0,0,0
20171122,0.232642,0.240848,0.232317,0.238859,167078000,0,0,0
20171123,0.238991,0.250096,0.237304,0.242402,240685000,0,0,0
20171124,0.242851,0.245388,0.238421,0.244642,211486000,0,0,0
20171125,0.244178,0.255700,0.243584,0.252393,212593000,0,0,0
20171126,0.252914,0.252914,0.248589,0.248818,133297000,0,0,0
20171127,0.248305,0.254733,0.247861,0.253927,196735000,0,0,0
20171128,0.254037,0.301084,0.253415,0.299152,720743000,0,0,0
20171129,0.297867,0.297867,0.239409,0.243064,541178000,0,0,0
20171130,0.246433,0.261524,0.229586,0.250878,270907000,0,0,0
20171201,0.250352,0.258828,0.239438,0.255699,182992000,0,0,0
20171202,0.255656,0.259218,0.250756,0.255492,118250000,0,0,0
20171203,0.255530,0.263072,0.247391,0.252558,134710000,0,0,0
20171204,0.252919,0.255362,0.247160,0.253571,104650000,0,0,0
20171205,0.253598,0.253988,0.245234,0.246101,174591000,0,0,0
20171206,0.245416,0.245705,0.227742,0.232544,274526000,0,0,0
20171207,0.232623,0.233760,0.221340,0.222823,275205000,0,0,0
20171208,0.223636,0.278673,0.222168,0.252125,660172000,0,0,0
20171209,0.252162,0.255684,0.240073,0.244708,205289000,0,0,0
20171210,0.245548,0.245548,0.229304,0.237333,198174000,0,0,0
20171211,0.236574,0.252777,0.235804,0.251691,176101000,0,0,0
20171212,0.252258,0.434102,0.250961,0.373541,1555040000,0,0,0
20171213,0.372689,0.513768,0.342964,0.471063,2738760000,0,0,0
20171214,0.470648,0.892267,0.466401,0.864263,6358700000,0,0,0
20171215,0.861760,0.861760,0.666114,0.756181,3194210000,0,0,0
20171216,0.755493,0.815923,0.741667,0.758642,1334770000,0,0,0
20171217,0.754125,0.765981,0.719929,0.728366,805200000,0,0,0
20171218,0.728036,0.792014,0.689323,0.778407,1342720000,0,0,0
20171219,0.777447,0.863536,0.756724,0.791257,1449670000,0,0,0
20171220,0.787171,0.789044,0.730953,0.775964,1007420000,0,0,0
20171221,0.782515,1.24,0.782515,1.19,3626110000,0,0,0
20171222,1.17,1.38,0.741013,1.14,4644700000,0,0,0
20171223,1.17,1.21,1.08,1.17,1497590000,0,0,0
20171224,1.18,1.18,0.911226,1.04,754959000,0,0,0
20171225,1.05,1.13,1.00,1.12,686014000,0,0,0
20171226,1.12,1.19,1.09,1.19,938847000,0,0,0
20171227,1.18,1.47,1.18,1.40,2854260000,0,0,0
20171228,1.39,1.50,1.26,1.43,2843300000,0,0,0
20171229,1.44,2.27,1.44,2.21,7545740000,0,0,0
20171230,2.20,2.85,2.04,2.16,8108390000,0,0,0
20171231,2.10,2.39,1.87,2.30,4642080000,0,0,0
20180101,2.30,2.39,2.15,2.39,1894230000,0,0,0
20180102,2.37,2.49,2.25,2.48,3171010000,0,0,0
20180103,2.46,3.28,2.44,3.11,6635880000,0,0,0
20180104,3.12,3.84,3.12,3.20,8103660000,0,0,0
20180105,3.30,3.56,2.83,3.05,6288500000,0,0,0
20180106,3.02,3.24,2.99,3.09,2777560000,0,0,0
20180107,3.09,3.49,3.08,3.38,2395150000,0,0,0
20180108,3.36,3.36,2.07,2.46,3315260000,0,0,0
20180109,2.44,2.53,1.98,2.10,3694700000,0,0,0
20180110,2.13,2.16,1.70,1.97,4833640000,0,0,0
20180111,1.98,2.25,1.62,1.95,6296120000,0,0,0
20180112,1.94,2.16,1.87,2.04,3330810000,0,0,0
20180113,2.05,2.12,1.98,2.02,2130170000,0,0,0
20180114,2.02,2.02,1.81,1.86,1978200000,0,0,0
20180115,1.86,1.90,1.67,1.68,1838460000,0,0,0
20180116,1.68,1.70,0.909313,1.18,5687960000,0,0,0
20180117,1.18,1.38,0.897797,1.31,7251210000,0,0,0
20180118,1.31,1.73,1.26,1.60,9110440000,0,0,0
20180119,1.58,1.70,1.50,1.55,3697430000,0,0,0
20180120,1.56,1.63,1.50,1.58,2346450000,0,0,0
20180121,1.58,1.58,1.34,1.38,2840750000,0,0,0
20180122,1.39,1.43,1.16,1.36,2642510000,0,0,0
20180123,1.35,1.43,1.20,1.34,2977080000,0,0,0
20180124,1.35,1.42,1.31,1.36,1853440000,0,0,0
20180125,1.36,1.38,1.29,1.31,986068000,0,0,0
20180126,1.31,1.33,1.14,1.22,2037570000,0,0,0
20180127,1.22,1.24,1.19,1.22,689101000,0,0,0
20180128,1.22,1.44,1.22,1.40,1327360000,0,0,0
20180129,1.40,1.41,1.30,1.32,1073680000,0,0,0
20180130,1.33,1.33,1.13,1.14,1134640000,0,0,0
20180131,1.13,1.19,1.04,1.16,1264030000,0,0,0
20180201,1.16,1.16,0.930378,0.962530,1410420000,0,0,0
20180202,0.960642,0.960642,0.635185,0.884784,3529760000,0,0,0
20180203,0.891992,0.974799,0.761635,0.924043,1988960000,0,0,0
20180204,0.913418,0.952947,0.796821,0.815703,1190960000,0,0,0
20180205,0.825943,0.833866,0.675827,0.691799,1286180000,0,0,0
20180206,0.705121,0.786004,0.588360,0.776393,2361140000,0,0,0
20180207,0.774576,0.805478,0.706950,0.723895,1133370000,0,0,0
