DATE,OPEN,HIGH,LOW,CLOSE,VOL,P,R,RINFO
20140805,0.002976,0.003387,0.002349,0.002440,30316,0,0,0
20140806,0.002373,0.003402,0.002266,0.002657,35820,0,0,0
20140807,0.002686,0.003042,0.002455,0.002501,142864,0,0,0
20140808,0.002493,0.003243,0.002493,0.002881,93708,0,0,0
20140809,0.002884,0.003710,0.002873,0.003481,233579,0,0,0
20140810,0.003497,0.007620,0.003363,0.004303,352737,0,0,0
20140811,0.004566,0.005065,0.003591,0.003591,479942,0,0,0
20140812,0.003592,0.003679,0.002503,0.002659,345441,0,0,0
20140813,0.002619,0.003215,0.002570,0.002773,256302,0,0,0
20140814,0.002763,0.002850,0.002482,0.002540,169177,0,0,0
20140815,0.002566,0.002610,0.002357,0.002403,135243,0,0,0
20140816,0.002401,0.002532,0.002231,0.002525,116834,0,0,0
20140817,0.002508,0.002545,0.002299,0.002337,61889,0,0,0
20140818,0.002336,0.002368,0.001928,0.002025,104237,0,0,0
20140819,0.002028,0.002224,0.001998,0.002224,66941,0,0,0
20140820,0.002223,0.002521,0.002221,0.002496,96584,0,0,0
20140821,0.002488,0.002624,0.002329,0.002390,76029,0,0,0
20140822,0.002392,0.002408,0.002272,0.002355,50589,0,0,0
20140823,0.002358,0.002388,0.002222,0.002237,43776,0,0,0
20140824,0.002237,0.002293,0.002201,0.002232,37470,0,0,0
20140825,0.002236,0.002242,0.002175,0.002221,38512,0,0,0
20140826,0.002221,0.002338,0.002221,0.002315,99823,0,0,0
20140827,0.002281,0.002328,0.002268,0.002273,60132,0,0,0
20140828,0.002270,0.002316,0.002109,0.002180,90044,0,0,0
20140829,0.002184,0.002257,0.002164,0.002211,43049,0,0,0
20140830,0.002218,0.002240,0.002186,0.002195,39116,0,0,0
20140831,0.002190,0.002215,0.002048,0.002061,22844,0,0,0
20140901,0.002061,0.002098,0.001999,0.002010,27975,0,0,0
20140902,0.002008,0.002034,0.001984,0.001999,23793,0,0,0
20140903,0.001998,0.002101,0.001994,0.002059,36081,0,0,0
20140904,0.002059,0.002177,0.002041,0.002130,58031,0,0,0
20140905,0.002130,0.002134,0.002070,0.002082,26119,0,0,0
20140906,0.002082,0.002107,0.002058,0.002081,31676,0,0,0
20140907,0.002060,0.002114,0.002024,0.002044,34744,0,0,0
20140908,0.002042,0.002313,0.002026,0.002257,105569,0,0,0
20140909,0.002265,0.002272,0.002069,0.002178,51289,0,0,0
20140910,0.002179,0.002315,0.002179,0.002278,59878,0,0,0
20140911,0.002244,0.002619,0.002227,0.002501,113300,0,0,0
20140912,0.002500,0.003150,0.002495,0.002968,117052,0,0,0
20140913,0.003032,0.003198,0.002945,0.003094,111452,0,0,0
20140914,0.003096,0.003132,0.002675,0.002943,113315,0,0,0
20140915,0.002874,0.003107,0.002692,0.002896,72903,0,0,0
20140916,0.003031,0.003058,0.002816,0.002990,86555,0,0,0
20140917,0.002988,0.003128,0.002928,0.003072,118073,0,0,0
20140918,0.003081,0.003768,0.003055,0.003456,205474,0,0,0
20140919,0.003460,0.004026,0.003160,0.003872,204649,0,0,0
20140920,0.003936,0.004304,0.003309,0.003612,186971,0,0,0
20140921,0.003610,0.003862,0.003296,0.003464,145626,0,0,0
20140922,0.003466,0.004081,0.003447,0.004023,178810,0,0,0
20140923,0.004007,0.004102,0.003754,0.003965,120447,0,0,0
20140924,0.003966,0.004068,0.003425,0.003890,163121,0,0,0
20140925,0.003878,0.003901,0.003422,0.003494,81902,0,0,0
20140926,0.003600,0.003600,0.002902,0.003050,117908,0,0,0
20140927,0.003044,0.003342,0.002905,0.003263,44492,0,0,0
20140928,0.003262,0.003460,0.003105,0.003174,77804,0,0,0
20140929,0.003170,0.003427,0.003074,0.003212,32858,0,0,0
20140930,0.003227,0.003268,0.003131,0.003211,21131,0,0,0
20141001,0.003221,0.003283,0.002798,0.002880,70180,0,0,0
20141002,0.002888,0.003048,0.002738,0.002773,30542,0,0,0
20141003,0.002743,0.002795,0.002596,0.002601,34169,0,0,0
20141004,0.002604,0.002670,0.002371,0.002371,45969,0,0,0
20141005,0.002441,0.002512,0.002129,0.002387,29396,0,0,0
20141006,0.002384,0.002729,0.002288,0.002574,34446,0,0,0
20141007,0.002578,0.002635,0.002349,0.002447,35420,0,0,0
20141008,0.002420,0.002486,0.002296,0.002477,28232,0,0,0
20141009,0.002475,0.002495,0.002273,0.002358,11066,0,0,0
20141010,0.002356,0.002418,0.002198,0.002309,14307,0,0,0
20141011,0.002308,0.002446,0.002283,0.002336,34909,0,0,0
20141012,0.002338,0.002457,0.001972,0.002243,76978,0,0,0
20141013,0.002240,0.002372,0.002134,0.002299,44927,0,0,0
20141014,0.002309,0.002411,0.002264,0.002352,32533,0,0,0
20141015,0.002352,0.002363,0.002123,0.002174,46516,0,0,0
20141016,0.002173,0.002221,0.001950,0.002080,39044,0,0,0
20141017,0.002081,0.002127,0.001986,0.002021,22242,0,0,0
20141018,0.002022,0.002157,0.002001,0.002059,27435,0,0,0
20141019,0.002058,0.002195,0.002023,0.002023,18945,0,0,0
20141020,0.002021,0.002138,0.001970,0.002023,38282,0,0,0
20141021,0.002022,0.002114,0.002013,0.002070,26101,0,0,0
20141022,0.002062,0.002077,0.001982,0.002034,19376,0,0,0
20141023,0.002021,0.002033,0.001895,0.001914,15614,0,0,0
20141024,0.001915,0.002029,0.001895,0.001958,29512,0,0,0
20141025,0.001959,0.001988,0.001864,0.001892,13101,0,0,0
20141026,0.001893,0.001952,0.001864,0.001941,9559,0,0,0
20141027,0.001941,0.001998,0.001887,0.001956,14396,0,0,0
20141028,0.001957,0.001995,0.001550,0.001655,73811,0,0,0
20141029,0.001675,0.001947,0.001619,0.001696,24172,0,0,0
20141030,0.001696,0.001752,0.001656,0.001735,13179,0,0,0
20141031,0.001748,0.001754,0.001647,0.001681,10733,0,0,0
20141101,0.001686,0.001693,0.001525,0.001548,494272,0,0,0
20141102,0.001549,0.001599,0.001520,0.001584,9242,0,0,0
20141103,0.001582,0.001761,0.001581,0.001693,15149,0,0,0
20141104,0.001691,0.001704,0.001653,0.001703,9766,0,0,0
20141105,0.001704,0.001779,0.001704,0.001755,10617,0,0,0
20141106,0.001755,0.001781,0.001713,0.001764,13531,0,0,0
20141107,0.001767,0.001919,0.001672,0.001688,11531,0,0,0
20141108,0.001687,0.001762,0.001678,0.001734,4483,0,0,0
20141109,0.001733,0.001795,0.001705,0.001757,12705,0,0,0
20141110,0.001752,0.001836,0.001732,0.001799,16001,0,0,0
20141111,0.001794,0.001850,0.001744,0.001753,12534,0,0,0
20141112,0.001755,0.001908,0.001728,0.001859,15430,0,0,0
20141113,0.001868,0.001921,0.001673,0.001793,17376,0,0,0
20141114,0.001787,0.001787,0.001656,0.001713,10411,0,0,0
20141115,0.001720,0.001742,0.001589,0.001624,5382,0,0,0
20141116,0.001618,0.001681,0.001596,0.001637,5267,0,0,0
20141117,0.001638,0.001706,0.001542,0.001608,8443,0,0,0
20141118,0.001610,0.001643,0.001227,0.001357,16762,0,0,0
20141119,0.001352,0.001583,0.001348,0.001548,16849,0,0,0
20141120,0.001549,0.001607,0.001510,0.001589,14782,0,0,0
20141121,0.001589,0.001609,0.001505,0.001563,10260,0,0,0
20141122,0.001565,0.001930,0.001562,0.001809,35206,0,0,0
20141123,0.001810,0.002181,0.001794,0.002165,42071,0,0,0
20141124,0.002164,0.002202,0.001947,0.001957,13496,0,0,0
20141125,0.001957,0.002096,0.001871,0.001898,14659,0,0,0
20141126,0.001900,0.002130,0.001883,0.002130,32114,0,0,0
20141127,0.002139,0.004014,0.002103,0.003426,544484,0,0,0
20141128,0.003429,0.003429,0.002765,0.002861,209843,0,0,0
20141129,0.002810,0.002812,0.002404,0.002521,109351,0,0,0
20141130,0.002521,0.002522,0.002113,0.002210,61162,0,0,0
20141201,0.002211,0.002681,0.002133,0.002541,73122,0,0,0
20141202,0.002541,0.002621,0.002261,0.002409,48024,0,0,0
20141203,0.002409,0.002480,0.002297,0.002373,23620,0,0,0
20141204,0.002375,0.002412,0.002253,0.002375,27557,0,0,0
20141205,0.002374,0.002437,0.002295,0.002356,20562,0,0,0
20141206,0.002356,0.002453,0.002306,0.002407,31683,0,0,0
20141207,0.002407,0.002408,0.002306,0.002329,23877,0,0,0
20141208,0.002330,0.002466,0.002285,0.002339,34383,0,0,0
20141209,0.002339,0.002342,0.002183,0.002249,32197,0,0,0
20141210,0.002251,0.002481,0.002245,0.002435,38567,0,0,0
20141211,0.002427,0.002673,0.002336,0.002585,44075,0,0,0
20141212,0.002554,0.002554,0.002435,0.002525,29877,0,0,0
20141213,0.002524,0.002553,0.002460,0.002553,21918,0,0,0
20141214,0.002539,0.002652,0.002422,0.002475,27160,0,0,0
20141215,0.002474,0.002604,0.002438,0.002574,43740,0,0,0
20141216,0.002573,0.003465,0.002480,0.003250,259325,0,0,0
20141217,0.003261,0.004530,0.003214,0.004104,883715,0,0,0
20141218,0.004130,0.006183,0.004012,0.006146,1247810,0,0,0
20141219,0.006080,0.009421,0.005220,0.006130,2205890,0,0,0
20141220,0.005669,0.006207,0.004788,0.005813,736524,0,0,0
20141221,0.005886,0.006261,0.005554,0.005871,356552,0,0,0
20141222,0.005925,0.006196,0.005553,0.005907,329485,0,0,0
20141223,0.005907,0.006228,0.005574,0.005820,219787,0,0,0
20141224,0.005774,0.005866,0.005069,0.005101,158568,0,0,0
20141225,0.005102,0.006204,0.005085,0.005800,244758,0,0,0
20141226,0.005788,0.006286,0.005742,0.006213,125258,0,0,0
20141227,0.006195,0.006294,0.005708,0.006015,88666,0,0,0
20141228,0.006005,0.006113,0.005484,0.005800,117923,0,0,0
20141229,0.005805,0.006038,0.005535,0.005620,93475,0,0,0
20141230,0.005591,0.005778,0.005304,0.005484,97500,0,0,0
20141231,0.005479,0.005606,0.005344,0.005516,42091,0,0,0
20150101,0.005517,0.005551,0.005406,0.005493,20514,0,0,0
20150102,0.005438,0.005605,0.005424,0.005481,55381,0,0,0
20150103,0.005473,0.005494,0.004669,0.004672,135921,0,0,0
20150104,0.004572,0.004773,0.004253,0.004416,137593,0,0,0
20150105,0.004422,0.005094,0.004410,0.004947,144416,0,0,0
20150106,0.004969,0.005005,0.004781,0.004972,73403,0,0,0
20150107,0.004972,0.005284,0.004899,0.005284,84601,0,0,0
20150108,0.005283,0.005840,0.005209,0.005567,222723,0,0,0
20150109,0.005557,0.005645,0.005321,0.005622,83886,0,0,0
20150110,0.005625,0.005678,0.004969,0.005180,123545,0,0,0
20150111,0.005179,0.005301,0.004961,0.005062,40552,0,0,0
20150112,0.005039,0.005069,0.004784,0.004903,60808,0,0,0
20150113,0.004868,0.004908,0.003926,0.004053,131331,0,0,0
20150114,0.004020,0.004385,0.003688,0.004318,181567,0,0,0
20150115,0.004332,0.005367,0.004332,0.005013,196676,0,0,0
20150116,0.004980,0.005102,0.004312,0.004458,129665,0,0,0
20150117,0.004366,0.004648,0.004297,0.004617,39285,0,0,0
20150118,0.004650,0.005003,0.004397,0.004739,54344,0,0,0
20150119,0.004755,0.005071,0.004655,0.004829,57052,0,0,0
20150120,0.004804,0.004859,0.004669,0.004743,35159,0,0,0
20150121,0.004770,0.005081,0.004770,0.005054,65656,0,0,0
20150122,0.004988,0.005217,0.004908,0.004914,59947,0,0,0
20150123,0.004916,0.004916,0.004708,0.004881,42575,0,0,0
20150124,0.004875,0.005101,0.004806,0.005038,59006,0,0,0
20150125,0.005030,0.005083,0.004710,0.004790,69844,0,0,0
20150126,0.004806,0.005161,0.004605,0.004709,148296,0,0,0
20150127,0.004706,0.004938,0.004435,0.004816,92001,0,0,0
20150128,0.004812,0.005431,0.004415,0.004895,30636,0,0,0
20150129,0.004899,0.004977,0.004180,0.004556,92086,0,0,0
20150130,0.004546,0.005051,0.004416,0.004462,41892,0,0,0
20150131,0.004445,0.005525,0.004334,0.004334,24903,0,0,0
20150201,0.004325,0.004390,0.003901,0.004142,70975,0,0,0
20150202,0.004137,0.004324,0.003934,0.004180,28423,0,0,0
20150203,0.004160,0.004187,0.003710,0.003750,38689,0,0,0
20150204,0.003751,0.003818,0.003641,0.003765,33568,0,0,0
20150205,0.003765,0.004024,0.003605,0.004001,48565,0,0,0
20150206,0.004060,0.004245,0.003790,0.003825,68194,0,0,0
20150207,0.003817,0.003903,0.003780,0.003825,15482,0,0,0
20150208,0.003830,0.003882,0.003714,0.003733,20383,0,0,0
20150209,0.003734,0.003789,0.003587,0.003639,23287,0,0,0
20150210,0.003641,0.003668,0.003378,0.003555,30401,0,0,0
20150211,0.003554,0.003601,0.003397,0.003515,20839,0,0,0
20150212,0.003518,0.003523,0.003336,0.003423,22950,0,0,0
20150213,0.003424,0.003685,0.003375,0.003582,20250,0,0,0
20150214,0.003573,0.003781,0.003549,0.003709,27228,0,0,0
20150215,0.003696,0.003701,0.003256,0.003285,29545,0,0,0
20150216,0.003294,0.003360,0.003244,0.003301,19822,0,0,0
20150217,0.003302,0.003404,0.003249,0.003359,10247,0,0,0
20150218,0.003356,0.003392,0.003136,0.003160,11492,0,0,0
20150219,0.003161,0.003269,0.003155,0.003222,8162,0,0,0
20150220,0.003223,0.003294,0.003180,0.003222,3263,0,0,0
20150221,0.003218,0.003392,0.003180,0.003198,3103,0,0,0
20150222,0.003200,0.003337,0.002512,0.002822,14027,0,0,0
20150223,0.002831,0.003200,0.002708,0.003108,6966,0,0,0
20150224,0.003110,0.003193,0.003059,0.003122,9284,0,0,0
20150225,0.003121,0.003193,0.003007,0.003165,11098,0,0,0
20150226,0.003167,0.003171,0.003030,0.003117,14216,0,0,0
20150227,0.003117,0.003305,0.003116,0.003159,27445,0,0,0
20150228,0.003165,0.003192,0.003030,0.003049,12332,0,0,0
20150301,0.003047,0.003052,0.002781,0.002781,17782,0,0,0
20150302,0.002780,0.003031,0.002727,0.003003,28398,0,0,0
20150303,0.002969,0.003094,0.002842,0.002863,32142,0,0,0
20150304,0.002838,0.003003,0.002802,0.002888,22570,0,0,0
20150305,0.002874,0.003081,0.002818,0.002992,25407,0,0,0
20150306,0.002994,0.003155,0.002891,0.002952,22390,0,0,0
20150307,0.002953,0.003002,0.002889,0.002947,7589,0,0,0
20150308,0.002947,0.002999,0.002850,0.002958,12794,0,0,0
20150309,0.002958,0.003011,0.002888,0.002912,29030,0,0,0
20150310,0.002900,0.002963,0.002794,0.002935,17921,0,0,0
20150311,0.002936,0.003196,0.002805,0.002930,21507,0,0,0
20150312,0.002929,0.003319,0.002914,0.003100,42002,0,0,0
20150313,0.003096,0.003182,0.002969,0.002969,13470,0,0,0
20150314,0.002962,0.003133,0.002936,0.002968,15790,0,0,0
20150315,0.002961,0.003069,0.002947,0.003002,7251,0,0,0
20150316,0.003004,0.003380,0.002966,0.003144,29363,0,0,0
20150317,0.003145,0.003162,0.002984,0.003000,12128,0,0,0
20150318,0.003000,0.003002,0.002641,0.002666,15106,0,0,0
20150319,0.002665,0.003003,0.002595,0.002817,25187,0,0,0
20150320,0.002817,0.003004,0.002732,0.002796,14655,0,0,0
20150321,0.002794,0.003133,0.002736,0.002991,26725,0,0,0
20150322,0.002992,0.003384,0.002808,0.003193,40729,0,0,0
20150323,0.003218,0.003606,0.003079,0.003193,91492,0,0,0
20150324,0.003217,0.003234,0.002924,0.002943,41355,0,0,0
20150325,0.002952,0.003003,0.002807,0.002934,24844,0,0,0
20150326,0.002933,0.003072,0.002924,0.002940,15682,0,0,0
20150327,0.002952,0.003113,0.002900,0.003078,25115,0,0,0
20150328,0.003075,0.003183,0.002887,0.002958,26230,0,0,0
20150329,0.002959,0.003054,0.002823,0.003046,6928,0,0,0
20150330,0.003047,0.003146,0.002674,0.002735,29998,0,0,0
20150331,0.002734,0.002990,0.002509,0.002816,37060,0,0,0
20150401,0.002874,0.002880,0.002735,0.002803,10523,0,0,0
20150402,0.002803,0.002814,0.002627,0.002664,16448,0,0,0
20150403,0.002667,0.002790,0.002579,0.002768,15430,0,0,0
20150404,0.002767,0.002767,0.002597,0.002690,9276,0,0,0
20150405,0.002689,0.002696,0.002586,0.002666,12082,0,0,0
20150406,0.002667,0.002684,0.002586,0.002589,11075,0,0,0
20150407,0.002572,0.002840,0.002525,0.002690,37000,0,0,0
20150408,0.002689,0.002785,0.002608,0.002709,19430,0,0,0
20150409,0.002708,0.002819,0.002621,0.002649,14530,0,0,0
20150410,0.002649,0.002726,0.002559,0.002637,18291,0,0,0
20150411,0.002639,0.002814,0.002540,0.002770,26596,0,0,0
20150412,0.002776,0.002830,0.002649,0.002796,99750,0,0,0
20150413,0.002833,0.003084,0.002692,0.002732,12501,0,0,0
20150414,0.002716,0.002799,0.002627,0.002656,10358,0,0,0
20150415,0.002655,0.002700,0.002593,0.002655,7342,0,0,0
20150416,0.002671,0.002787,0.002650,0.002765,8689,0,0,0
20150417,0.002763,0.002778,0.002685,0.002697,11959,0,0,0
20150418,0.002696,0.002756,0.002681,0.002742,10026,0,0,0
20150419,0.002741,0.002752,0.002685,0.002685,23255,0,0,0
20150420,0.002685,0.002737,0.002668,0.002696,8072,0,0,0
20150421,0.002684,0.002764,0.002574,0.002758,14345,0,0,0
20150422,0.002762,0.002777,0.002652,0.002698,7432,0,0,0
20150423,0.002657,0.002759,0.002629,0.002749,9866,0,0,0
20150424,0.002749,0.002749,0.002650,0.002658,6647,0,0,0
20150425,0.002650,0.002737,0.002623,0.002657,5959,0,0,0
20150426,0.002656,0.002670,0.002594,0.002640,8844,0,0,0
20150427,0.002643,0.002696,0.002568,0.002692,13546,0,0,0
20150428,0.002693,0.002693,0.002602,0.002630,9069,0,0,0
20150429,0.002632,0.002693,0.002446,0.002575,15415,0,0,0
20150430,0.002573,0.002738,0.002550,0.002732,10060,0,0,0
20150501,0.002735,0.002779,0.002647,0.002647,5405,0,0,0
20150502,0.002646,0.002770,0.002627,0.002696,10689,0,0,0
20150503,0.002695,0.002750,0.002660,0.002677,6849,0,0,0
20150504,0.002677,0.003035,0.002651,0.003021,4015,0,0,0
20150505,0.003021,0.003175,0.002659,0.002691,6410,0,0,0
20150506,0.002691,0.003046,0.002649,0.002757,4242,0,0,0
20150507,0.002761,0.002851,0.002532,0.002772,17196,0,0,0
20150508,0.002773,0.003054,0.002738,0.002926,40149,0,0,0
20150509,0.002926,0.002943,0.002720,0.002873,18016,0,0,0
20150510,0.002836,0.002975,0.002735,0.002793,6673,0,0,0
20150511,0.002786,0.002992,0.002731,0.002969,7693,0,0,0
20150512,0.002971,0.002992,0.002767,0.002810,16605,0,0,0
20150513,0.002790,0.003093,0.002776,0.002810,7557,0,0,0
20150514,0.002809,0.002952,0.002722,0.002847,8935,0,0,0
20150515,0.002848,0.002878,0.002796,0.002878,6608,0,0,0
20150516,0.002878,0.002915,0.002556,0.002599,6243,0,0,0
20150517,0.002599,0.002626,0.002543,0.002576,9992,0,0,0
20150518,0.002576,0.002577,0.002502,0.002510,9633,0,0,0
20150519,0.002511,0.002791,0.002434,0.002652,46705,0,0,0
20150520,0.002653,0.002969,0.002653,0.002722,33006,0,0,0
20150521,0.002722,0.002819,0.002712,0.002765,10161,0,0,0
20150522,0.002765,0.003107,0.002765,0.003046,45598,0,0,0
20150523,0.003096,0.003318,0.002957,0.003028,42823,0,0,0
20150524,0.003028,0.003224,0.002928,0.003121,25015,0,0,0
20150525,0.003135,0.003537,0.003067,0.003179,44799,0,0,0
20150526,0.003179,0.003207,0.003065,0.003204,10087,0,0,0
20150527,0.003192,0.003288,0.003136,0.003167,21904,0,0,0
20150528,0.003167,0.003684,0.003138,0.003609,116009,0,0,0
20150529,0.003550,0.004109,0.003443,0.003610,164867,0,0,0
20150530,0.003611,0.003664,0.003157,0.003219,70294,0,0,0
20150531,0.003252,0.003453,0.003196,0.003386,34077,0,0,0
20150601,0.003397,0.003407,0.003067,0.003073,20681,0,0,0
20150602,0.003094,0.003325,0.002817,0.003216,70139,0,0,0
20150603,0.003229,0.003246,0.002967,0.003030,23415,0,0,0
20150604,0.003030,0.003264,0.002996,0.003155,17068,0,0,0
20150605,0.003156,0.003168,0.003029,0.003155,14581,0,0,0
20150606,0.003155,0.003245,0.003116,0.003135,11850,0,0,0
20150607,0.003135,0.003170,0.003075,0.003089,8643,0,0,0
20150608,0.003085,0.003135,0.003028,0.003126,6534,0,0,0
20150609,0.003125,0.003248,0.003125,0.003218,17228,0,0,0
20150610,0.003206,0.003212,0.003147,0.003161,7419,0,0,0
20150611,0.003161,0.003176,0.003031,0.003104,18371,0,0,0
20150612,0.003103,0.003120,0.003052,0.003086,7947,0,0,0
20150613,0.003085,0.003254,0.003085,0.003231,23848,0,0,0
20150614,0.003232,0.003320,0.003182,0.003261,26760,0,0,0
20150615,0.003259,0.003473,0.003207,0.003465,38841,0,0,0
20150616,0.003461,0.003848,0.003437,0.003748,104286,0,0,0
20150617,0.003747,0.004052,0.003584,0.003600,148541,0,0,0
20150618,0.003601,0.003807,0.003435,0.003736,103675,0,0,0
20150619,0.003774,0.004086,0.003653,0.003724,132710,0,0,0
20150620,0.003733,0.003763,0.003484,0.003658,52776,0,0,0
20150621,0.003669,0.003750,0.003504,0.003526,25279,0,0,0
20150622,0.003527,0.003698,0.003527,0.003682,22128,0,0,0
20150623,0.003681,0.003736,0.003504,0.003508,26466,0,0,0
20150624,0.003508,0.003574,0.003429,0.003436,12699,0,0,0
20150625,0.003425,0.003501,0.003243,0.003477,27297,0,0,0
20150626,0.003476,0.003515,0.003377,0.003407,10574,0,0,0
20150627,0.003407,0.003591,0.003406,0.003554,33469,0,0,0
20150628,0.003554,0.003574,0.003385,0.003435,12404,0,0,0
20150629,0.003427,0.003569,0.003365,0.003503,23192,0,0,0
20150630,0.003503,0.003609,0.003458,0.003470,42462,0,0,0
20150701,0.003469,0.003486,0.003366,0.003458,13853,0,0,0
20150702,0.003458,0.003471,0.003332,0.003401,10950,0,0,0
20150703,0.003401,0.003404,0.003235,0.003265,24472,0,0,0
20150704,0.003265,0.003285,0.003165,0.003195,6970,0,0,0
20150705,0.003194,0.003281,0.003075,0.003122,30745,0,0,0
20150706,0.003117,0.003339,0.003117,0.003228,19319,0,0,0
20150707,0.003229,0.003264,0.003092,0.003141,14883,0,0,0
20150708,0.003140,0.003272,0.003087,0.003214,27219,0,0,0
20150709,0.003214,0.003226,0.003054,0.003059,19032,0,0,0
20150710,0.003060,0.003517,0.003060,0.003115,59968,0,0,0
20150711,0.003114,0.003236,0.003077,0.003081,11058,0,0,0
20150712,0.003081,0.003193,0.003056,0.003184,9505,0,0,0
20150713,0.003183,0.003333,0.003082,0.003219,23801,0,0,0
20150714,0.003219,0.003287,0.003038,0.003077,11489,0,0,0
20150715,0.003075,0.003156,0.002984,0.003003,13358,0,0,0
20150716,0.002995,0.003022,0.002796,0.002831,14119,0,0,0
20150717,0.002831,0.002952,0.002710,0.002853,12207,0,0,0
20150718,0.002851,0.002989,0.002759,0.002899,2672,0,0,0
20150719,0.002898,0.002983,0.002865,0.002870,2580,0,0,0
20150720,0.002872,0.003000,0.002869,0.002986,6338,0,0,0
20150721,0.002990,0.003148,0.002823,0.003067,23511,0,0,0
20150722,0.003064,0.003147,0.003015,0.003118,19236,0,0,0
20150723,0.003112,0.003143,0.003020,0.003037,5114,0,0,0
20150724,0.003037,0.003158,0.003015,0.003094,3959,0,0,0
20150725,0.003093,0.003164,0.002867,0.002940,31665,0,0,0
20150726,0.002939,0.003022,0.002914,0.003016,3878,0,0,0
20150727,0.003016,0.003016,0.002866,0.002945,12245,0,0,0
20150728,0.002945,0.002962,0.002708,0.002727,17746,0,0,0
20150729,0.002727,0.002835,0.002709,0.002823,8951,0,0,0
20150730,0.002823,0.002858,0.002771,0.002811,4348,0,0,0
20150731,0.002811,0.002857,0.002628,0.002644,12919,0,0,0
20150801,0.002645,0.002750,0.002590,0.002642,11103,0,0,0
20150802,0.002640,0.002725,0.002603,0.002725,6687,0,0,0
20150803,0.002725,0.002754,0.002631,0.002631,7155,0,0,0
20150804,0.002627,0.002672,0.002607,0.002632,4294,0,0,0
20150805,0.002631,0.002760,0.002285,0.002634,40512,0,0,0
20150806,0.002634,0.002634,0.002476,0.002524,7126,0,0,0
20150807,0.002524,0.002529,0.002428,0.002432,4101,0,0,0
20150808,0.002433,0.002523,0.002296,0.002419,22350,0,0,0
20150809,0.002421,0.002500,0.002321,0.002345,12956,0,0,0
20150810,0.002345,0.002595,0.002345,0.002466,17339,0,0,0
20150811,0.002466,0.002520,0.002381,0.002398,7245,0,0,0
20150812,0.002396,0.002501,0.002345,0.002380,21375,0,0,0
20150813,0.002379,0.002415,0.002231,0.002264,9789,0,0,0
20150814,0.002265,0.002345,0.002262,0.002314,11426,0,0,0
20150815,0.002313,0.002330,0.002261,0.002270,6685,0,0,0
20150816,0.002270,0.002288,0.002113,0.002135,15113,0,0,0
20150817,0.002144,0.002195,0.002125,0.002170,4373,0,0,0
20150818,0.002170,0.002170,0.001878,0.001878,28468,0,0,0
20150819,0.001870,0.002000,0.001710,0.001810,36661,0,0,0
20150820,0.001797,0.002030,0.001780,0.002030,13326,0,0,0
20150821,0.002027,0.002066,0.001967,0.001995,13673,0,0,0
20150822,0.001994,0.002040,0.001946,0.002001,8307,0,0,0
20150823,0.002001,0.002009,0.001938,0.001959,2286,0,0,0
20150824,0.001971,0.001975,0.001855,0.001892,3367,0,0,0
20150825,0.001882,0.001894,0.001751,0.001855,6407,0,0,0
20150826,0.001856,0.002065,0.001856,0.002035,5899,0,0,0
20150827,0.002034,0.002084,0.001972,0.002005,4432,0,0,0
20150828,0.002006,0.002494,0.001805,0.002354,71683,0,0,0
20150829,0.002356,0.002707,0.002250,0.002577,74173,0,0,0
20150830,0.002577,0.002607,0.002203,0.002363,45670,0,0,0
20150831,0.002364,0.002602,0.002341,0.002479,32459,0,0,0
20150901,0.002478,0.002549,0.002420,0.002435,4818,0,0,0
20150902,0.002436,0.002551,0.002316,0.002423,25216,0,0,0
20150903,0.002423,0.002493,0.002377,0.002377,8753,0,0,0
20150904,0.002377,0.002437,0.002318,0.002321,7558,0,0,0
20150905,0.002321,0.002476,0.002309,0.002476,9478,0,0,0
20150906,0.002417,0.002561,0.002414,0.002527,9566,0,0,0
20150907,0.002527,0.002529,0.002451,0.002452,3074,0,0,0
20150908,0.002451,0.002464,0.002291,0.002300,11354,0,0,0
20150909,0.002300,0.002466,0.002179,0.002195,18552,0,0,0
20150910,0.002195,0.002322,0.002195,0.002208,8188,0,0,0
20150911,0.002208,0.002279,0.002194,0.002231,4021,0,0,0
20150912,0.002231,0.002260,0.002197,0.002239,1075,0,0,0
20150913,0.002239,0.002240,0.002097,0.002158,1583,0,0,0
20150914,0.002157,0.003004,0.002110,0.002139,4634,0,0,0
20150915,0.002139,0.002634,0.002116,0.002183,3674,0,0,0
20150916,0.002183,0.002201,0.002124,0.002159,7901,0,0,0
20150917,0.002152,0.002228,0.002141,0.002228,4024,0,0,0
20150918,0.002228,0.002271,0.002017,0.002243,22669,0,0,0
20150919,0.002244,0.002342,0.002216,0.002295,5375,0,0,0
20150920,0.002295,0.002295,0.002196,0.002223,3069,0,0,0
20150921,0.002223,0.002224,0.002128,0.002142,1970,0,0,0
20150922,0.002142,0.002188,0.002067,0.002138,2836,0,0,0
20150923,0.002138,0.002162,0.002081,0.002082,2495,0,0,0
20150924,0.002073,0.002103,0.002051,0.002058,3528,0,0,0
20150925,0.002058,0.002121,0.002056,0.002056,1193,0,0,0
20150926,0.002056,0.002105,0.002040,0.002071,6180,0,0,0
20150927,0.002070,0.002081,0.002033,0.002067,3105,0,0,0
20150928,0.002067,0.002151,0.002063,0.002091,4256,0,0,0
20150929,0.002091,0.002133,0.002015,0.002055,6058,0,0,0
20150930,0.002075,0.002075,0.001826,0.001985,15365,0,0,0
20151001,0.001984,0.002253,0.001920,0.002224,12894,0,0,0
20151002,0.002182,0.002223,0.002021,0.002076,2850,0,0,0
20151003,0.002076,0.002124,0.002001,0.002013,1917,0,0,0
20151004,0.002056,0.002074,0.002002,0.002051,945,0,0,0
20151005,0.002051,0.002051,0.001988,0.001989,862,0,0,0
20151006,0.002023,0.002124,0.001999,0.002077,2190,0,0,0
20151007,0.002077,0.002133,0.002069,0.002075,1570,0,0,0
20151008,0.002076,0.002101,0.001984,0.001996,3520,0,0,0
20151009,0.001996,0.002154,0.001959,0.002121,2854,0,0,0
20151010,0.002098,0.002157,0.002043,0.002084,2475,0,0,0
20151011,0.002084,0.002124,0.002064,0.002110,1112,0,0,0
20151012,0.002109,0.002112,0.002031,0.002031,3608,0,0,0
20151013,0.002031,0.002104,0.002030,0.002101,980,0,0,0
20151014,0.002101,0.002212,0.001874,0.001915,4159,0,0,0
20151015,0.001911,0.002084,0.001744,0.001934,14152,0,0,0
20151016,0.001937,0.002052,0.001896,0.001936,1630,0,0,0
20151017,0.001935,0.002005,0.001871,0.001986,3972,0,0,0
20151018,0.001985,0.001990,0.001894,0.001972,1999,0,0,0
20151019,0.001972,0.002006,0.001921,0.001933,1912,0,0,0
20151020,0.001941,0.001977,0.001821,0.001870,3159,0,0,0
20151021,0.001870,0.001980,0.001851,0.001975,3541,0,0,0
20151022,0.001976,0.002036,0.001914,0.001957,2145,0,0,0
20151023,0.001958,0.002017,0.001927,0.001956,3234,0,0,0
20151024,0.001956,0.001997,0.001921,0.001923,943,0,0,0
20151025,0.001925,0.002070,0.001878,0.001886,7266,0,0,0
20151026,0.001889,0.001947,0.001782,0.001860,11446,0,0,0
20151027,0.001840,0.002088,0.001838,0.001997,3777,0,0,0
20151028,0.001997,0.002102,0.001973,0.002020,6781,0,0,0
20151029,0.002047,0.002103,0.001998,0.002069,8212,0,0,0
20151030,0.002070,0.002288,0.002057,0.002184,19613,0,0,0
20151031,0.002167,0.002315,0.002111,0.002160,17814,0,0,0
20151101,0.002160,0.002237,0.002045,0.002128,10484,0,0,0
20151102,0.002127,0.002223,0.002084,0.002190,3748,0,0,0
20151103,0.002198,0.002402,0.002141,0.002189,21834,0,0,0
20151104,0.002197,0.002504,0.002144,0.002180,52465,0,0,0
20151105,0.002183,0.002203,0.001951,0.002012,10392,0,0,0
20151106,0.002008,0.002017,0.001853,0.001917,6285,0,0,0
20151107,0.001919,0.002019,0.001913,0.002015,2878,0,0,0
20151108,0.002014,0.002032,0.001919,0.001943,1700,0,0,0
20151109,0.001946,0.002043,0.001913,0.002033,2082,0,0,0
20151110,0.002031,0.002185,0.001939,0.002039,10658,0,0,0
20151111,0.002042,0.002127,0.001949,0.001964,3594,0,0,0
20151112,0.001963,0.002124,0.001924,0.002124,3518,0,0,0
20151113,0.002070,0.002136,0.001959,0.001974,1100,0,0,0
20151114,0.001979,0.002002,0.001936,0.001981,527,0,0,0
20151115,0.001981,0.001998,0.001899,0.001988,491,0,0,0
20151116,0.001987,0.002080,0.001886,0.001922,493,0,0,0
20151117,0.001922,0.002025,0.001895,0.002015,778,0,0,0
20151118,0.002015,0.002015,0.001879,0.001909,1737,0,0,0
20151119,0.001910,0.001956,0.001859,0.001930,1207,0,0,0
20151120,0.001931,0.001937,0.001885,0.001895,2032,0,0,0
20151121,0.001894,0.001929,0.001850,0.001910,2219,0,0,0
20151122,0.001910,0.001986,0.001892,0.001972,552,0,0,0
20151123,0.001972,0.001996,0.001897,0.001900,698,0,0,0
20151124,0.001900,0.001924,0.001808,0.001867,928,0,0,0
20151125,0.001868,0.001911,0.001852,0.001908,1503,0,0,0
20151126,0.001908,0.001988,0.001828,0.001920,3910,0,0,0
20151127,0.001914,0.001922,0.001765,0.001766,2338,0,0,0
20151128,0.001765,0.001854,0.001704,0.001741,4101,0,0,0
20151129,0.001743,0.001830,0.001652,0.001740,4142,0,0,0
20151130,0.001740,0.001778,0.001680,0.001732,3270,0,0,0
20151201,0.001721,0.001739,0.001606,0.001739,4810,0,0,0
20151202,0.001738,0.001775,0.001653,0.001767,2569,0,0,0
20151203,0.001768,0.001807,0.001680,0.001712,1760,0,0,0
20151204,0.001713,0.002010,0.001685,0.002010,7757,0,0,0
20151205,0.002011,0.002052,0.001851,0.001864,8006,0,0,0
20151206,0.001864,0.001976,0.001830,0.001920,11491,0,0,0
20151207,0.001917,0.001965,0.001861,0.001965,4636,0,0,0
20151208,0.001966,0.002342,0.001915,0.002292,35702,0,0,0
20151209,0.002296,0.002442,0.002063,0.002063,180884,0,0,0
20151210,0.002063,0.002366,0.001971,0.002026,77097,0,0,0
20151211,0.002026,0.002141,0.001947,0.002135,56225,0,0,0
20151212,0.002135,0.002185,0.001977,0.001986,20232,0,0,0
20151213,0.001986,0.002085,0.001903,0.002066,13149,0,0,0
20151214,0.002065,0.002086,0.001998,0.002002,8617,0,0,0
20151215,0.001983,0.002064,0.001757,0.001870,25706,0,0,0
20151216,0.001870,0.001912,0.001810,0.001846,18099,0,0,0
20151217,0.001846,0.001910,0.001833,0.001857,9562,0,0,0
20151218,0.001857,0.001867,0.001812,0.001849,11457,0,0,0
20151219,0.001849,0.001893,0.001797,0.001842,13348,0,0,0
20151220,0.001842,0.001842,0.001740,0.001746,8714,0,0,0
20151221,0.001747,0.001813,0.001691,0.001780,8595,0,0,0
20151222,0.001781,0.001793,0.001723,0.001728,23377,0,0,0
20151223,0.001726,0.001771,0.001712,0.001742,17711,0,0,0
20151224,0.001743,0.001790,0.001696,0.001770,22656,0,0,0
20151225,0.001757,0.001828,0.001725,0.001828,14657,0,0,0
20151226,0.001830,0.001831,0.001624,0.001650,14773,0,0,0
20151227,0.001649,0.001743,0.001638,0.001720,47298,0,0,0
20151228,0.001722,0.001777,0.001698,0.001777,21904,0,0,0
20151229,0.001771,0.001787,0.001701,0.001743,47760,0,0,0
20151230,0.001745,0.001804,0.001729,0.001763,46252,0,0,0
20151231,0.001764,0.001774,0.001333,0.001751,27310,0,0,0
20160101,0.001752,0.001766,0.001549,0.001748,4947,0,0,0
20160102,0.001749,0.001762,0.001684,0.001741,45950,0,0,0
20160103,0.001753,0.001756,0.001705,0.001744,43531,0,0,0
20160104,0.001745,0.001762,0.001727,0.001748,4634,0,0,0
20160105,0.001748,0.001752,0.001700,0.001721,18239,0,0,0
20160106,0.001721,0.001744,0.001668,0.001672,27863,0,0,0
20160107,0.001669,0.001760,0.001669,0.001728,26671,0,0,0
20160108,0.001736,0.001757,0.001679,0.001681,28246,0,0,0
20160109,0.001682,0.001806,0.001678,0.001749,38630,0,0,0
20160110,0.001749,0.001784,0.001714,0.001765,51522,0,0,0
20160111,0.001766,0.001781,0.001690,0.001739,24871,0,0,0
20160112,0.001736,0.001773,0.001706,0.001743,25468,0,0,0
20160113,0.001741,0.001844,0.001698,0.001824,50968,0,0,0
20160114,0.001824,0.001914,0.001762,0.001914,64127,0,0,0
20160115,0.001927,0.002091,0.001711,0.001737,60907,0,0,0
20160116,0.001737,0.001748,0.001640,0.001748,24153,0,0,0
20160117,0.001748,0.001761,0.001668,0.001714,25329,0,0,0
20160118,0.001714,0.001796,0.001673,0.001711,14408,0,0,0
20160119,0.001712,0.001933,0.001669,0.001826,36629,0,0,0
20160120,0.001813,0.001889,0.001712,0.001821,37726,0,0,0
20160121,0.001817,0.001826,0.001710,0.001738,28653,0,0,0
20160122,0.001733,0.001741,0.001689,0.001704,29515,0,0,0
20160123,0.001702,0.001752,0.001686,0.001696,38222,0,0,0
20160124,0.001695,0.001776,0.001679,0.001723,28012,0,0,0
20160125,0.001723,0.001777,0.001688,0.001709,39140,0,0,0
20160126,0.001712,0.001926,0.001674,0.001901,115830,0,0,0
20160127,0.001903,0.002235,0.001798,0.002235,213842,0,0,0
20160128,0.002237,0.002242,0.001852,0.001908,137591,0,0,0
20160129,0.001909,0.002069,0.001807,0.001888,78803,0,0,0
20160130,0.001887,0.001953,0.001731,0.001735,37270,0,0,0
20160131,0.001735,0.001835,0.001689,0.001776,26362,0,0,0
20160201,0.001776,0.001812,0.001744,0.001792,14159,0,0,0
20160202,0.001793,0.001818,0.001755,0.001796,40152,0,0,0
20160203,0.001796,0.001830,0.001780,0.001807,33079,0,0,0
20160204,0.001807,0.001842,0.001778,0.001803,22478,0,0,0
20160205,0.001803,0.001868,0.001790,0.001834,27232,0,0,0
20160206,0.001835,0.001882,0.001815,0.001864,19431,0,0,0
20160207,0.001864,0.002008,0.001843,0.001852,48478,0,0,0
20160208,0.001839,0.001875,0.001815,0.001841,15539,0,0,0
20160209,0.001853,0.001885,0.001768,0.001826,17156,0,0,0
20160210,0.001828,0.001914,0.001821,0.001849,28847,0,0,0
20160211,0.001844,0.001902,0.001797,0.001878,31082,0,0,0
20160212,0.001878,0.002357,0.001842,0.002344,715496,0,0,0
20160213,0.002331,0.002333,0.002088,0.002203,87956,0,0,0
20160214,0.002198,0.002292,0.002134,0.002190,47727,0,0,0
20160215,0.002192,0.002258,0.002151,0.002203,27720,0,0,0
20160216,0.002190,0.002649,0.002119,0.002649,114749,0,0,0
20160217,0.002644,0.002644,0.002003,0.002158,123493,0,0,0
20160218,0.002160,0.002200,0.002071,0.002122,22194,0,0,0
20160219,0.002118,0.002195,0.002064,0.002110,43957,0,0,0
20160220,0.002110,0.002204,0.002055,0.002101,33898,0,0,0
20160221,0.002057,0.002189,0.002057,0.002157,29419,0,0,0
20160222,0.002155,0.002161,0.001962,0.001976,27370,0,0,0
20160223,0.001984,0.002075,0.001883,0.001903,43865,0,0,0
20160224,0.001904,0.001976,0.001901,0.001959,21033,0,0,0
20160225,0.001944,0.001985,0.001925,0.001975,9214,0,0,0
20160226,0.001976,0.001990,0.001881,0.001943,28136,0,0,0
20160227,0.001955,0.002021,0.001922,0.002003,22000,0,0,0
20160228,0.002003,0.002022,0.001923,0.001981,33416,0,0,0
20160229,0.001981,0.002005,0.001891,0.001949,23302,0,0,0
20160301,0.001949,0.002005,0.001903,0.001909,15994,0,0,0
20160302,0.001910,0.001951,0.001823,0.001884,22381,0,0,0
20160303,0.001888,0.001939,0.001853,0.001890,24504,0,0,0
20160304,0.001891,0.001945,0.001847,0.001914,25208,0,0,0
20160305,0.001913,0.001920,0.001804,0.001824,39964,0,0,0
20160306,0.001824,0.001939,0.001803,0.001938,41218,0,0,0
20160307,0.001940,0.002542,0.001926,0.002392,325391,0,0,0
20160308,0.002348,0.002377,0.002130,0.002216,127065,0,0,0
20160309,0.002216,0.002316,0.002151,0.002229,52341,0,0,0
20160310,0.002229,0.002418,0.002172,0.002368,119765,0,0,0
20160311,0.002374,0.002929,0.002374,0.002567,346969,0,0,0
20160312,0.002555,0.002555,0.002184,0.002270,102896,0,0,0
20160313,0.002278,0.002347,0.002150,0.002177,56827,0,0,0
20160314,0.002189,0.002272,0.002097,0.002138,74931,0,0,0
20160315,0.002140,0.002201,0.002059,0.002193,45366,0,0,0
20160316,0.002197,0.002203,0.002088,0.002136,24794,0,0,0
20160317,0.002138,0.002206,0.002088,0.002147,45510,0,0,0
20160318,0.002146,0.002180,0.001970,0.001980,50038,0,0,0
20160319,0.001985,0.002097,0.001957,0.002015,46715,0,0,0
20160320,0.001998,0.002135,0.001996,0.002088,23789,0,0,0
20160321,0.002088,0.002088,0.002027,0.002074,24440,0,0,0
20160322,0.002074,0.002102,0.002060,0.002079,18784,0,0,0
20160323,0.002079,0.002206,0.002005,0.002174,20972,0,0,0
20160324,0.002174,0.002183,0.002065,0.002080,19201,0,0,0
20160325,0.002087,0.002126,0.002016,0.002076,23037,0,0,0
20160326,0.002075,0.002079,0.002009,0.002059,15616,0,0,0
20160327,0.002059,0.002095,0.001971,0.002027,31234,0,0,0
20160328,0.002031,0.002219,0.002011,0.002113,84150,0,0,0
20160329,0.002112,0.002128,0.002053,0.002087,17062,0,0,0
20160330,0.002087,0.002089,0.002006,0.002039,18345,0,0,0
20160331,0.002039,0.002073,0.002021,0.002027,34233,0,0,0
20160401,0.002026,0.002054,0.001993,0.002047,20022,0,0,0
20160402,0.002047,0.002128,0.002040,0.002089,30735,0,0,0
20160403,0.002089,0.002225,0.002081,0.002210,43511,0,0,0
20160404,0.002205,0.002465,0.002204,0.002294,179638,0,0,0
20160405,0.002299,0.002307,0.002099,0.002160,79658,0,0,0
20160406,0.002160,0.002243,0.002088,0.002163,30023,0,0,0
20160407,0.002154,0.002249,0.002131,0.002155,43761,0,0,0
20160408,0.002156,0.002237,0.002133,0.002184,33986,0,0,0
20160409,0.002184,0.002209,0.002002,0.002017,29154,0,0,0
20160410,0.002018,0.002051,0.001427,0.001882,128084,0,0,0
20160411,0.001885,0.001988,0.001869,0.001903,26655,0,0,0
20160412,0.001903,0.001934,0.001829,0.001871,38237,0,0,0
20160413,0.001876,0.001924,0.001832,0.001863,43097,0,0,0
20160414,0.001874,0.001887,0.001846,0.001877,23351,0,0,0
20160415,0.001877,0.001928,0.001823,0.001879,40559,0,0,0
20160416,0.001879,0.001934,0.001869,0.001922,18872,0,0,0
20160417,0.001922,0.001931,0.001846,0.001899,14645,0,0,0
20160418,0.001899,0.001914,0.001890,0.001903,24122,0,0,0
20160419,0.001903,0.001929,0.001893,0.001929,13111,0,0,0
20160420,0.001928,0.001949,0.001856,0.001928,39461,0,0,0
20160421,0.001919,0.001985,0.001806,0.001874,54310,0,0,0
20160422,0.001874,0.001918,0.001859,0.001917,26976,0,0,0
20160423,0.001917,0.001930,0.001884,0.001926,22819,0,0,0
20160424,0.001926,0.001968,0.001884,0.001912,18230,0,0,0
20160425,0.001912,0.001954,0.001859,0.001876,55865,0,0,0
20160426,0.001874,0.001910,0.001707,0.001819,93637,0,0,0
20160427,0.001820,0.001858,0.001798,0.001832,31873,0,0,0
20160428,0.001833,0.001911,0.001799,0.001904,44636,0,0,0
20160429,0.001904,0.001910,0.001845,0.001849,11889,0,0,0
20160430,0.001849,0.001912,0.001843,0.001852,24008,0,0,0
20160501,0.001852,0.001906,0.001841,0.001883,6884,0,0,0
20160502,0.001883,0.001905,0.001833,0.001868,19403,0,0,0
20160503,0.001868,0.001891,0.001856,0.001862,17242,0,0,0
20160504,0.001862,0.001885,0.001838,0.001865,16615,0,0,0
20160505,0.001865,0.001871,0.001829,0.001840,12585,0,0,0
20160506,0.001840,0.001860,0.001829,0.001829,8634,0,0,0
20160507,0.001837,0.001846,0.001810,0.001814,10780,0,0,0
20160508,0.001814,0.001827,0.001771,0.001796,18197,0,0,0
20160509,0.001796,0.001815,0.001769,0.001802,7597,0,0,0
20160510,0.001802,0.001808,0.001752,0.001774,22841,0,0,0
20160511,0.001775,0.001797,0.001767,0.001797,10744,0,0,0
20160512,0.001797,0.001805,0.001766,0.001800,13568,0,0,0
20160513,0.001801,0.001803,0.001743,0.001770,33122,0,0,0
20160514,0.001770,0.001793,0.001760,0.001781,5037,0,0,0
20160515,0.001783,0.001783,0.001750,0.001762,6509,0,0,0
20160516,0.001740,0.001768,0.001687,0.001724,18729,0,0,0
20160517,0.001724,0.001737,0.001690,0.001692,14874,0,0,0
20160518,0.001700,0.001736,0.001693,0.001711,5071,0,0,0
20160519,0.001711,0.001727,0.001639,0.001661,24544,0,0,0
20160520,0.001665,0.001709,0.001629,0.001649,34740,0,0,0
20160521,0.001650,0.001651,0.001595,0.001634,34693,0,0,0
20160522,0.001634,0.001699,0.001606,0.001626,11344,0,0,0
20160523,0.001626,0.001635,0.001579,0.001599,15998,0,0,0
20160524,0.001599,0.001641,0.001577,0.001608,22195,0,0,0
20160525,0.001610,0.001611,0.001535,0.001550,23106,0,0,0
20160526,0.001551,0.001560,0.001483,0.001489,38921,0,0,0
20160527,0.001481,0.001578,0.001444,0.001444,43506,0,0,0
20160528,0.001444,0.001516,0.001443,0.001476,50704,0,0,0
20160529,0.001475,0.001596,0.001475,0.001497,51175,0,0,0
20160530,0.001497,0.001547,0.001489,0.001510,15509,0,0,0
20160531,0.001512,0.001557,0.001483,0.001543,18898,0,0,0
20160601,0.001542,0.001548,0.001481,0.001525,24848,0,0,0
20160602,0.001526,0.001543,0.001511,0.001512,3798,0,0,0
20160603,0.001512,0.001551,0.001501,0.001530,11139,0,0,0
20160604,0.001530,0.001551,0.001507,0.001527,13522,0,0,0
20160605,0.001526,0.001536,0.001490,0.001498,7181,0,0,0
20160606,0.001498,0.001519,0.001483,0.001496,3612,0,0,0
20160607,0.001496,0.001509,0.001465,0.001488,19109,0,0,0
20160608,0.001488,0.001518,0.001475,0.001497,9521,0,0,0
20160609,0.001496,0.001587,0.001471,0.001587,26347,0,0,0
20160610,0.001587,0.001587,0.001539,0.001573,7053,0,0,0
20160611,0.001573,0.001596,0.001529,0.001576,16469,0,0,0
20160612,0.001576,0.001653,0.001537,0.001620,42720,0,0,0
20160613,0.001620,0.001641,0.001543,0.001561,37628,0,0,0
20160614,0.001561,0.001825,0.001521,0.001754,176486,0,0,0
20160615,0.001754,0.001755,0.001589,0.001668,31927,0,0,0
20160616,0.001667,0.001722,0.001615,0.001722,30780,0,0,0
20160617,0.001723,0.001829,0.001642,0.001697,60976,0,0,0
20160618,0.001697,0.001799,0.001654,0.001758,37093,0,0,0
20160619,0.001758,0.001858,0.001721,0.001831,57599,0,0,0
20160620,0.001835,0.001923,0.001747,0.001774,77260,0,0,0
20160621,0.001761,0.001967,0.001683,0.001711,124214,0,0,0
20160622,0.001709,0.001761,0.001619,0.001620,70192,0,0,0
20160623,0.001641,0.001686,0.001558,0.001666,37747,0,0,0
20160624,0.001666,0.001847,0.001636,0.001786,80904,0,0,0
20160625,0.001789,0.001846,0.001720,0.001788,52335,0,0,0
20160626,0.001788,0.002141,0.001788,0.002026,394757,0,0,0
20160627,0.002020,0.002863,0.001940,0.002657,543934,0,0,0
20160628,0.002545,0.002645,0.002278,0.002333,849604,0,0,0
20160629,0.002347,0.002350,0.002002,0.002040,299766,0,0,0
20160630,0.002048,0.002187,0.002030,0.002143,152025,0,0,0
20160701,0.002117,0.002122,0.002015,0.002035,77519,0,0,0
20160702,0.002035,0.002071,0.002002,0.002040,46649,0,0,0
20160703,0.002035,0.002041,0.001868,0.001928,49340,0,0,0
20160704,0.001929,0.002000,0.001843,0.001935,99562,0,0,0
20160705,0.001932,0.001960,0.001834,0.001869,81723,0,0,0
20160706,0.001869,0.001937,0.001831,0.001846,45332,0,0,0
20160707,0.001847,0.001855,0.001697,0.001740,71044,0,0,0
20160708,0.001740,0.001870,0.001730,0.001870,63067,0,0,0
20160709,0.001824,0.001830,0.001732,0.001763,29463,0,0,0
20160710,0.001763,0.001887,0.001751,0.001852,52317,0,0,0
20160711,0.001851,0.001881,0.001755,0.001809,73548,0,0,0
20160712,0.001817,0.002041,0.001811,0.001991,206642,0,0,0
20160713,0.001971,0.002315,0.001970,0.002164,472760,0,0,0
20160714,0.002154,0.002195,0.001958,0.002039,208913,0,0,0
20160715,0.002039,0.002069,0.001946,0.001977,55698,0,0,0
20160716,0.001973,0.002001,0.001906,0.001926,34167,0,0,0
20160717,0.001926,0.001947,0.001895,0.001925,40947,0,0,0
20160718,0.001927,0.001992,0.001906,0.001982,36209,0,0,0
20160719,0.001985,0.001985,0.001897,0.001900,38329,0,0,0
20160720,0.001900,0.001913,0.001849,0.001862,29104,0,0,0
20160721,0.001881,0.001881,0.001814,0.001839,33817,0,0,0
20160722,0.001840,0.001888,0.001809,0.001824,28249,0,0,0
20160723,0.001829,0.002207,0.001816,0.002084,184081,0,0,0
20160724,0.002102,0.002297,0.001987,0.002253,365060,0,0,0
20160725,0.002274,0.002336,0.002092,0.002143,126331,0,0,0
20160726,0.002148,0.002173,0.001913,0.001939,85306,0,0,0
20160727,0.001938,0.002016,0.001882,0.001931,42518,0,0,0
20160728,0.001931,0.001986,0.001901,0.001948,26246,0,0,0
20160729,0.001949,0.002040,0.001939,0.002013,20761,0,0,0
20160730,0.002013,0.002027,0.001924,0.001940,29195,0,0,0
20160731,0.001940,0.001962,0.001864,0.001916,41971,0,0,0
20160801,0.001915,0.001956,0.001874,0.001874,44883,0,0,0
20160802,0.001886,0.001906,0.001693,0.001736,68214,0,0,0
20160803,0.001773,0.001847,0.001755,0.001804,74611,0,0,0
20160804,0.001801,0.001903,0.001801,0.001879,29099,0,0,0
20160805,0.001879,0.001956,0.001822,0.001900,69207,0,0,0
20160806,0.001900,0.001982,0.001879,0.001956,60717,0,0,0
20160807,0.001956,0.001980,0.001863,0.001888,18833,0,0,0
20160808,0.001887,0.001910,0.001824,0.001848,26338,0,0,0
20160809,0.001849,0.001893,0.001841,0.001871,24533,0,0,0
20160810,0.001871,0.001934,0.001861,0.001892,34674,0,0,0
20160811,0.001890,0.001914,0.001866,0.001889,24310,0,0,0
20160812,0.001889,0.001893,0.001715,0.001831,75248,0,0,0
20160813,0.001831,0.002114,0.001810,0.002038,224229,0,0,0
20160814,0.002042,0.002144,0.001957,0.002005,109736,0,0,0
20160815,0.001997,0.002066,0.001978,0.002019,73171,0,0,0
20160816,0.002022,0.002062,0.001944,0.002016,35420,0,0,0
20160817,0.002016,0.002020,0.001944,0.001993,26694,0,0,0
20160818,0.001997,0.002013,0.001960,0.001976,19780,0,0,0
20160819,0.001976,0.001984,0.001931,0.001963,17689,0,0,0
20160820,0.001970,0.001972,0.001898,0.001930,21147,0,0,0
20160821,0.001930,0.001954,0.001900,0.001908,17520,0,0,0
20160822,0.001910,0.001956,0.001899,0.001919,13561,0,0,0
20160823,0.001924,0.001941,0.001878,0.001878,16207,0,0,0
20160824,0.001878,0.001912,0.001866,0.001888,6614,0,0,0
20160825,0.001889,0.001893,0.001861,0.001874,10012,0,0,0
20160826,0.001856,0.001936,0.001854,0.001888,49643,0,0,0
20160827,0.001888,0.001913,0.001844,0.001862,16953,0,0,0
20160828,0.001861,0.001882,0.001743,0.001808,47598,0,0,0
20160829,0.001819,0.001877,0.001786,0.001830,29491,0,0,0
20160830,0.001830,0.001883,0.001820,0.001850,16263,0,0,0
20160831,0.001850,0.001925,0.001822,0.001906,28165,0,0,0
20160901,0.001906,0.001930,0.001875,0.001887,25272,0,0,0
20160902,0.001887,0.001913,0.001857,0.001885,15997,0,0,0
20160903,0.001885,0.001926,0.001846,0.001902,16975,0,0,0
20160904,0.001903,0.001971,0.001845,0.001934,36104,0,0,0
20160905,0.001942,0.001951,0.001897,0.001912,27785,0,0,0
20160906,0.001912,0.001940,0.001900,0.001925,14360,0,0,0
20160907,0.001925,0.001946,0.001901,0.001925,29307,0,0,0
20160908,0.001925,0.001989,0.001925,0.001931,17422,0,0,0
20160909,0.001930,0.002028,0.001910,0.002020,51986,0,0,0
20160910,0.002003,0.002231,0.001996,0.002032,173430,0,0,0
20160911,0.002023,0.002081,0.001946,0.001966,51896,0,0,0
20160912,0.001926,0.001994,0.001896,0.001940,25451,0,0,0
20160913,0.001941,0.001993,0.001915,0.001951,62818,0,0,0
20160914,0.001946,0.001977,0.001911,0.001963,13081,0,0,0
20160915,0.001963,0.002565,0.001900,0.002319,555936,0,0,0
20160916,0.002304,0.002336,0.002078,0.002082,204787,0,0,0
20160917,0.002082,0.002198,0.002070,0.002162,39093,0,0,0
20160918,0.002162,0.002168,0.002082,0.002090,57508,0,0,0
20160919,0.002089,0.002170,0.002068,0.002127,48729,0,0,0
20160920,0.002127,0.002131,0.002000,0.002052,79813,0,0,0
20160921,0.002055,0.002119,0.001998,0.002085,53003,0,0,0
20160922,0.002085,0.002169,0.002062,0.002138,67088,0,0,0
20160923,0.002138,0.002141,0.002033,0.002083,47176,0,0,0
20160924,0.002068,0.002320,0.002062,0.002219,75069,0,0,0
20160925,0.002213,0.002501,0.002167,0.002454,366417,0,0,0
20160926,0.002459,0.002651,0.002336,0.002385,379360,0,0,0
20160927,0.002384,0.002601,0.002341,0.002549,136361,0,0,0
20160928,0.002556,0.003376,0.002443,0.003149,1211050,0,0,0
20160929,0.003136,0.003314,0.003032,0.003066,484615,0,0,0
20160930,0.003017,0.003054,0.002799,0.002847,320074,0,0,0
20161001,0.002839,0.002927,0.002706,0.002763,187694,0,0,0
20161002,0.002782,0.002995,0.002735,0.002867,105129,0,0,0
20161003,0.002872,0.002873,0.002708,0.002710,83760,0,0,0
20161004,0.002705,0.002758,0.002567,0.002590,100249,0,0,0
20161005,0.002590,0.002604,0.002420,0.002485,119902,0,0,0
20161006,0.002497,0.002530,0.002282,0.002306,108291,0,0,0
20161007,0.002306,0.002438,0.002270,0.002374,72283,0,0,0
20161008,0.002386,0.002388,0.002283,0.002317,36449,0,0,0
20161009,0.002317,0.002432,0.002240,0.002376,167282,0,0,0
20161010,0.002380,0.002559,0.002298,0.002466,119501,0,0,0
20161011,0.002467,0.003094,0.002361,0.002679,429422,0,0,0
20161012,0.002678,0.002742,0.002628,0.002637,76408,0,0,0
20161013,0.002637,0.002662,0.002482,0.002539,52851,0,0,0
20161014,0.002536,0.002537,0.002377,0.002479,100389,0,0,0
20161015,0.002479,0.002509,0.002412,0.002439,14235,0,0,0
20161016,0.002437,0.002496,0.002400,0.002418,57966,0,0,0
20161017,0.002419,0.002434,0.002270,0.002291,58355,0,0,0
20161018,0.002290,0.002419,0.002284,0.002388,31261,0,0,0
20161019,0.002388,0.002411,0.002257,0.002339,61624,0,0,0
20161020,0.002336,0.002708,0.002336,0.002670,245923,0,0,0
20161021,0.002668,0.002703,0.002399,0.002476,184807,0,0,0
20161022,0.002470,0.002521,0.002353,0.002407,80103,0,0,0
20161023,0.002409,0.002464,0.002376,0.002438,23756,0,0,0
20161024,0.002439,0.002504,0.002416,0.002471,48913,0,0,0
20161025,0.002471,0.002478,0.002334,0.002357,68368,0,0,0
20161026,0.002358,0.002380,0.002273,0.002338,53832,0,0,0
20161027,0.002337,0.002364,0.002097,0.002176,159436,0,0,0
20161028,0.002145,0.002222,0.002058,0.002095,64020,0,0,0
20161029,0.002095,0.002137,0.001882,0.001957,201667,0,0,0
20161030,0.001964,0.002140,0.001932,0.002127,80875,0,0,0
20161031,0.002119,0.002167,0.001986,0.002088,88239,0,0,0
20161101,0.002088,0.002088,0.001929,0.001976,39128,0,0,0
20161102,0.001977,0.002069,0.001952,0.002023,43064,0,0,0
20161103,0.002014,0.002072,0.001963,0.001994,54324,0,0,0
20161104,0.001991,0.002027,0.001959,0.001999,18107,0,0,0
20161105,0.002003,0.002032,0.001980,0.002021,11174,0,0,0
20161106,0.002021,0.002058,0.001867,0.001959,58461,0,0,0
20161107,0.001969,0.002029,0.001924,0.002013,34635,0,0,0
20161108,0.002013,0.002029,0.001965,0.001986,30553,0,0,0
20161109,0.001994,0.002014,0.001938,0.001968,44284,0,0,0
20161110,0.001968,0.002003,0.001928,0.001948,36825,0,0,0
20161111,0.001948,0.001992,0.001897,0.001913,38438,0,0,0
20161112,0.001913,0.001924,0.001876,0.001899,24842,0,0,0
20161113,0.001899,0.001931,0.001878,0.001896,30930,0,0,0
20161114,0.001895,0.001915,0.001867,0.001880,32401,0,0,0
20161115,0.001883,0.001884,0.001814,0.001853,26787,0,0,0
20161116,0.001852,0.001868,0.001756,0.001772,43749,0,0,0
20161117,0.001775,0.001860,0.001734,0.001820,74554,0,0,0
20161118,0.001812,0.001832,0.001757,0.001807,21364,0,0,0
20161119,0.001806,0.001829,0.001756,0.001796,9237,0,0,0
20161120,0.001797,0.001806,0.001753,0.001760,17977,0,0,0
20161121,0.001760,0.001798,0.001745,0.001755,4925,0,0,0
20161122,0.001755,0.001797,0.001712,0.001735,32403,0,0,0
20161123,0.001727,0.001753,0.001719,0.001733,21588,0,0,0
20161124,0.001733,0.001741,0.001687,0.001691,35768,0,0,0
20161125,0.001691,0.001729,0.001672,0.001722,13354,0,0,0
20161126,0.001717,0.001717,0.001605,0.001649,31598,0,0,0
20161127,0.001649,0.001688,0.001642,0.001665,7384,0,0,0
20161128,0.001665,0.001694,0.001653,0.001655,13301,0,0,0
20161129,0.001655,0.001691,0.001636,0.001667,9853,0,0,0
20161130,0.001666,0.001688,0.001613,0.001629,15505,0,0,0
20161201,0.001629,0.001672,0.001543,0.001619,60747,0,0,0
20161202,0.001620,0.001621,0.001487,0.001529,29715,0,0,0
20161203,0.001529,0.001606,0.001513,0.001592,29495,0,0,0
20161204,0.001592,0.001597,0.001532,0.001532,8556,0,0,0
20161205,0.001532,0.001557,0.001512,0.001542,17747,0,0,0
20161206,0.001542,0.002824,0.001458,0.002666,856036,0,0,0
20161207,0.002653,0.003141,0.001993,0.002767,2369690,0,0,0
20161208,0.002749,0.002910,0.002310,0.002421,1531460,0,0,0
20161209,0.002444,0.002615,0.002327,0.002545,519467,0,0,0
20161210,0.002587,0.002587,0.002199,0.002233,481548,0,0,0
20161211,0.002204,0.002418,0.002136,0.002353,306783,0,0,0
20161212,0.002353,0.002418,0.002214,0.002272,230324,0,0,0
20161213,0.002265,0.002301,0.002088,0.002158,207838,0,0,0
20161214,0.002163,0.002217,0.002104,0.002150,83790,0,0,0
20161215,0.002151,0.003013,0.002100,0.002802,673328,0,0,0
20161216,0.002821,0.003149,0.002752,0.003123,1241390,0,0,0
20161217,0.003129,0.003139,0.002749,0.002772,350471,0,0,0
20161218,0.002772,0.002958,0.002759,0.002900,142791,0,0,0
20161219,0.002901,0.002937,0.002785,0.002868,125139,0,0,0
20161220,0.002867,0.003040,0.002835,0.002836,130279,0,0,0
20161221,0.002842,0.002947,0.002765,0.002810,123212,0,0,0
20161222,0.002824,0.002873,0.002446,0.002751,195628,0,0,0
20161223,0.002757,0.002857,0.002477,0.002646,176957,0,0,0
20161224,0.002579,0.002760,0.002564,0.002691,53322,0,0,0
20161225,0.002692,0.002720,0.002559,0.002578,29175,0,0,0
20161226,0.002578,0.002696,0.002569,0.002657,23143,0,0,0
20161227,0.002658,0.002747,0.002432,0.002543,126849,0,0,0
20161228,0.002552,0.002553,0.002406,0.002509,66923,0,0,0
20161229,0.002510,0.002603,0.002309,0.002559,144014,0,0,0
20161230,0.002559,0.002580,0.002479,0.002544,55768,0,0,0
20161231,0.002545,0.002545,0.002426,0.002469,43346,0,0,0
20170101,0.002464,0.002575,0.002432,0.002481,39325,0,0,0
20170102,0.002475,0.002537,0.002425,0.002477,46380,0,0,0
20170103,0.002499,0.002561,0.002449,0.002554,39944,0,0,0
20170104,0.002553,0.002787,0.002541,0.002735,85385,0,0,0
20170105,0.002737,0.002826,0.002387,0.002598,208399,0,0,0
20170106,0.002606,0.002671,0.002296,0.002494,121804,0,0,0
20170107,0.002497,0.002512,0.002264,0.002396,74459,0,0,0
20170108,0.002396,0.002436,0.002332,0.002355,26202,0,0,0
20170109,0.002357,0.002381,0.002309,0.002347,36858,0,0,0
20170110,0.002346,0.002378,0.002323,0.002355,24044,0,0,0
20170111,0.002355,0.002381,0.002059,0.002089,168734,0,0,0
20170112,0.002080,0.002512,0.002047,0.002475,196679,0,0,0
20170113,0.002459,0.002490,0.002316,0.002398,88948,0,0,0
20170114,0.002378,0.002488,0.002358,0.002472,65155,0,0,0
20170115,0.002458,0.002492,0.002377,0.002441,50895,0,0,0
20170116,0.002441,0.002483,0.002334,0.002380,49556,0,0,0
20170117,0.002380,0.002558,0.002370,0.002545,52442,0,0,0
20170118,0.002546,0.002588,0.002298,0.002481,133001,0,0,0
20170119,0.002490,0.002526,0.002265,0.002349,136244,0,0,0
20170120,0.002348,0.002528,0.002343,0.002357,123512,0,0,0
20170121,0.002371,0.002411,0.002301,0.002301,71722,0,0,0
20170122,0.002295,0.002428,0.002291,0.002336,60392,0,0,0
20170123,0.002323,0.002387,0.002279,0.002332,84697,0,0,0
20170124,0.002336,0.002336,0.002233,0.002234,64052,0,0,0
20170125,0.002234,0.002251,0.002146,0.002157,95889,0,0,0
20170126,0.002157,0.002233,0.002119,0.002197,68879,0,0,0
20170127,0.002254,0.002254,0.002159,0.002196,106139,0,0,0
20170128,0.002203,0.002265,0.002191,0.002192,63589,0,0,0
20170129,0.002192,0.002243,0.002192,0.002225,31416,0,0,0
20170130,0.002225,0.002538,0.002222,0.002458,168268,0,0,0
20170131,0.002457,0.002459,0.002264,0.002371,154049,0,0,0
20170201,0.002354,0.002414,0.002303,0.002357,60079,0,0,0
20170202,0.002362,0.002488,0.002330,0.002420,82584,0,0,0
20170203,0.002426,0.002464,0.002367,0.002399,63775,0,0,0
20170204,0.002403,0.002467,0.002369,0.002391,64988,0,0,0
20170205,0.002397,0.002422,0.002330,0.002344,82642,0,0,0
20170206,0.002351,0.002418,0.002343,0.002369,61960,0,0,0
20170207,0.002372,0.002410,0.002306,0.002319,112816,0,0,0
20170208,0.002321,0.002362,0.002235,0.002235,135615,0,0,0
20170209,0.002244,0.002320,0.002088,0.002155,132588,0,0,0
20170210,0.002157,0.002175,0.002063,0.002141,98448,0,0,0
20170211,0.002141,0.002179,0.002089,0.002111,63281,0,0,0
20170212,0.002110,0.002155,0.002068,0.002090,64662,0,0,0
20170213,0.002089,0.002149,0.002052,0.002067,70642,0,0,0
20170214,0.002069,0.002124,0.002063,0.002090,63693,0,0,0
20170215,0.002102,0.002241,0.002071,0.002224,163475,0,0,0
20170216,0.002205,0.002236,0.002131,0.002139,112630,0,0,0
20170217,0.002136,0.002174,0.002093,0.002093,79792,0,0,0
20170218,0.002093,0.002123,0.001991,0.002021,127180,0,0,0
20170219,0.002022,0.002081,0.002004,0.002014,65984,0,0,0
20170220,0.002021,0.002055,0.001999,0.002052,62491,0,0,0
20170221,0.002045,0.002100,0.001991,0.001997,149743,0,0,0
20170222,0.002008,0.002068,0.001946,0.002008,162748,0,0,0
20170223,0.002020,0.002029,0.001925,0.001927,131865,0,0,0
20170224,0.001930,0.002013,0.001834,0.001885,186269,0,0,0
20170225,0.001881,0.001910,0.001824,0.001881,119102,0,0,0
20170226,0.001880,0.001904,0.001786,0.001875,149964,0,0,0
20170227,0.001880,0.001912,0.001774,0.001774,99411,0,0,0
20170228,0.001776,0.001863,0.001770,0.001843,73171,0,0,0
20170301,0.001842,0.001872,0.001628,0.001724,263991,0,0,0
20170302,0.001731,0.001895,0.001707,0.001787,443801,0,0,0
20170303,0.001786,0.001860,0.001763,0.001763,242064,0,0,0
20170304,0.001775,0.001839,0.001743,0.001753,104298,0,0,0
20170305,0.001745,0.001782,0.001726,0.001738,105342,0,0,0
20170306,0.001732,0.001876,0.001730,0.001876,192854,0,0,0
20170307,0.001987,0.002045,0.001861,0.002011,434802,0,0,0
20170308,0.002007,0.002096,0.001803,0.001835,310617,0,0,0
20170309,0.001843,0.001893,0.001732,0.001790,186214,0,0,0
20170310,0.001784,0.001890,0.001617,0.001733,344787,0,0,0
20170311,0.001733,0.001823,0.001684,0.001788,393229,0,0,0
20170312,0.001796,0.001863,0.001796,0.001847,352712,0,0,0
20170313,0.001859,0.002060,0.001859,0.001965,667701,0,0,0
20170314,0.001965,0.001997,0.001855,0.001918,389076,0,0,0
20170315,0.001918,0.002026,0.001904,0.001953,482234,0,0,0
20170316,0.001944,0.002000,0.001861,0.001970,447895,0,0,0
20170317,0.001952,0.002016,0.001895,0.001957,469909,0,0,0
20170318,0.001960,0.002096,0.001850,0.001877,691703,0,0,0
20170319,0.001875,0.002024,0.001843,0.001916,433766,0,0,0
20170320,0.001920,0.002000,0.001915,0.001995,370907,0,0,0
20170321,0.001980,0.002229,0.001933,0.002187,619468,0,0,0
20170322,0.002186,0.002194,0.001944,0.001983,432155,0,0,0
20170323,0.001984,0.002251,0.001981,0.002251,618716,0,0,0
20170324,0.002291,0.002419,0.002091,0.002108,1801530,0,0,0
20170325,0.002112,0.002168,0.001994,0.002016,600309,0,0,0
20170326,0.002009,0.002156,0.001959,0.002018,632107,0,0,0
20170327,0.002035,0.002110,0.001851,0.001892,736513,0,0,0
20170328,0.001899,0.002052,0.001899,0.002043,570028,0,0,0
20170329,0.002056,0.002108,0.001907,0.001973,653952,0,0,0
20170330,0.002022,0.002375,0.001983,0.002302,1959610,0,0,0
20170331,0.002270,0.002741,0.002169,0.002356,3674930,0,0,0
20170401,0.002349,0.002710,0.002320,0.002631,1708130,0,0,0
20170402,0.002607,0.004285,0.002513,0.004183,9856240,0,0,0
20170403,0.004118,0.004982,0.002914,0.003124,7365010,0,0,0
20170404,0.003152,0.003338,0.002826,0.003046,2078250,0,0,0
20170405,0.003006,0.003481,0.002945,0.003131,2314330,0,0,0
20170406,0.003140,0.003390,0.002754,0.002824,1977700,0,0,0
20170407,0.002808,0.002945,0.002646,0.002767,2167870,0,0,0
20170408,0.002746,0.003078,0.002724,0.002920,1112600,0,0,0
20170409,0.002910,0.002939,0.002701,0.002745,1153510,0,0,0
20170410,0.002752,0.002826,0.002671,0.002788,584656,0,0,0
20170411,0.002808,0.002820,0.002743,0.002782,464053,0,0,0
20170412,0.002768,0.003166,0.002766,0.003036,1672850,0,0,0
20170413,0.003021,0.003099,0.002976,0.003060,940308,0,0,0
20170414,0.003077,0.003266,0.003004,0.003128,1618350,0,0,0
20170415,0.003129,0.003387,0.003065,0.003385,997774,0,0,0
20170416,0.003389,0.003892,0.003313,0.003737,2437240,0,0,0
20170417,0.003757,0.003799,0.003432,0.003555,2006350,0,0,0
20170418,0.003582,0.003718,0.003398,0.003706,1311170,0,0,0
20170419,0.003730,0.003746,0.003514,0.003574,1247360,0,0,0
20170420,0.003554,0.003692,0.003274,0.003368,1480220,0,0,0
20170421,0.003365,0.003496,0.003319,0.003466,832714,0,0,0
20170422,0.003465,0.003553,0.003465,0.003506,562394,0,0,0
20170423,0.003484,0.003534,0.003443,0.003506,455599,0,0,0
20170424,0.003521,0.003959,0.003503,0.003840,1869950,0,0,0
20170425,0.003849,0.003887,0.003761,0.003808,964780,0,0,0
20170426,0.003805,0.004070,0.003749,0.003835,1690360,0,0,0
20170427,0.003839,0.003982,0.003825,0.003970,1146270,0,0,0
20170428,0.003971,0.004633,0.003965,0.004551,3809910,0,0,0
20170429,0.004532,0.005105,0.004427,0.004971,3841410,0,0,0
20170430,0.004975,0.005379,0.004785,0.004840,4071450,0,0,0
20170501,0.004835,0.005805,0.004654,0.005138,6020040,0,0,0
20170502,0.005153,0.005373,0.004428,0.004834,3915940,0,0,0
20170503,0.004816,0.005252,0.004525,0.005197,3243780,0,0,0
20170504,0.005198,0.006960,0.005174,0.006628,9005050,0,0,0
20170505,0.006623,0.013567,0.006564,0.010877,61331300,0,0,0
20170506,0.010784,0.022215,0.010784,0.021344,106770000,0,0,0
20170507,0.021414,0.062327,0.018637,0.043984,280845000,0,0,0
20170508,0.043297,0.054733,0.031139,0.039880,235721000,0,0,0
20170509,0.039671,0.043180,0.022391,0.027647,102791000,0,0,0
20170510,0.028423,0.036855,0.027191,0.031376,56635600,0,0,0
20170511,0.031073,0.043411,0.026957,0.036203,78875500,0,0,0
20170512,0.037228,0.046143,0.036248,0.040706,82480400,0,0,0
20170513,0.039963,0.041415,0.031632,0.037586,38550000,0,0,0
20170514,0.037482,0.041151,0.036520,0.038648,24580000,0,0,0
20170515,0.038588,0.043638,0.037598,0.043552,45247300,0,0,0
20170516,0.043404,0.051660,0.043404,0.049368,88963700,0,0,0
20170517,0.049946,0.054295,0.039446,0.048568,62153000,0,0,0
20170518,0.048089,0.048857,0.042866,0.046270,32403600,0,0,0
20170519,0.046302,0.055402,0.045009,0.049577,43101100,0,0,0
20170520,0.049562,0.054898,0.049562,0.053888,28521900,0,0,0
20170521,0.053996,0.067443,0.052949,0.060843,68217900,0,0,0
20170522,0.062549,0.064910,0.046861,0.051003,51927100,0,0,0
20170523,0.051216,0.057882,0.050558,0.055500,27316000,0,0,0
20170524,0.055403,0.058619,0.048900,0.051364,33639600,0,0,0
20170525,0.050931,0.051210,0.039599,0.040021,38523600,0,0,0
20170526,0.039485,0.052619,0.036826,0.041065,29999000,0,0,0
20170527,0.040732,0.043088,0.023228,0.033024,34650400,0,0,0
20170528,0.033198,0.039951,0.030864,0.035364,22760700,0,0,0
20170529,0.035289,0.038677,0.033736,0.037044,14856200,0,0,0
20170530,0.036753,0.038143,0.030931,0.031009,15039500,0,0,0
20170531,0.030800,0.035262,0.029765,0.034273,20809500,0,0,0
20170601,0.034424,0.044108,0.034347,0.043069,46517700,0,0,0
20170602,0.043191,0.043705,0.038478,0.040226,15282100,0,0,0
20170603,0.040042,0.041036,0.037445,0.039294,14987500,0,0,0
20170604,0.038989,0.040565,0.036989,0.039989,11654400,0,0,0
20170605,0.039833,0.043131,0.039588,0.041507,16897100,0,0,0
20170606,0.041515,0.046595,0.039044,0.045407,27300600,0,0,0
20170607,0.045483,0.053941,0.045153,0.047098,50180500,0,0,0
20170608,0.046835,0.056739,0.045391,0.050420,69077400,0,0,0
20170609,0.050330,0.052061,0.046600,0.047356,27987400,0,0,0
20170610,0.047365,0.047856,0.042224,0.042866,22225600,0,0,0
20170611,0.042751,0.046864,0.041732,0.045915,18273600,0,0,0
20170612,0.045825,0.047296,0.037441,0.039988,14843000,0,0,0
20170613,0.039688,0.043096,0.039382,0.041860,14126100,0,0,0
20170614,0.041905,0.044759,0.037485,0.039828,16478300,0,0,0
20170615,0.039994,0.039994,0.032046,0.037439,13021600,0,0,0
20170616,0.037467,0.038287,0.035686,0.037536,7608740,0,0,0
20170617,0.037526,0.039631,0.036814,0.039251,9302020,0,0,0
20170618,0.039137,0.039217,0.037875,0.038332,6462560,0,0,0
20170619,0.038310,0.041273,0.038182,0.040252,10118500,0,0,0
20170620,0.040357,0.043331,0.038141,0.039366,22146100,0,0,0
20170621,0.039372,0.039702,0.037121,0.038124,8606140,0,0,0
20170622,0.038317,0.039650,0.037502,0.038719,7197940,0,0,0
20170623,0.038643,0.041846,0.038487,0.041397,7804070,0,0,0
20170624,0.040449,0.041339,0.038154,0.038210,6225160,0,0,0
20170625,0.038099,0.038483,0.031113,0.033373,14106200,0,0,0
20170626,0.033454,0.035432,0.025687,0.030218,16853100,0,0,0
20170627,0.030218,0.031348,0.024228,0.029113,16402100,0,0,0
20170628,0.029205,0.033615,0.028027,0.031998,17106400,0,0,0
20170629,0.031839,0.032263,0.028674,0.029039,10598500,0,0,0
20170630,0.029028,0.029625,0.026833,0.026988,7756010,0,0,0
20170701,0.026959,0.028074,0.023388,0.024466,9301920,0,0,0
20170702,0.024477,0.025827,0.022372,0.025706,11857600,0,0,0
20170703,0.025696,0.026887,0.024591,0.026266,7572990,0,0,0
20170704,0.026169,0.027910,0.025646,0.025750,6393470,0,0,0
20170705,0.025681,0.025858,0.024795,0.025441,3517740,0,0,0
20170706,0.025503,0.026190,0.025194,0.025418,3682330,0,0,0
20170707,0.025482,0.025512,0.019980,0.020415,8666130,0,0,0
20170708,0.020423,0.021862,0.017816,0.021597,10411800,0,0,0
20170709,0.021628,0.022491,0.019499,0.019499,4104420,0,0,0
20170710,0.019547,0.019955,0.013970,0.015137,10800400,0,0,0
20170711,0.014858,0.015647,0.012365,0.014518,17042700,0,0,0
20170712,0.014322,0.017907,0.012816,0.017907,16361500,0,0,0
20170713,0.018142,0.020118,0.015719,0.017351,28951100,0,0,0
20170714,0.017373,0.017373,0.014969,0.016321,12282200,0,0,0
20170715,0.016244,0.018272,0.015029,0.017618,20287200,0,0,0
20170716,0.017577,0.018951,0.013772,0.015654,23584100,0,0,0
20170717,0.015511,0.018935,0.015511,0.018614,11344300,0,0,0
20170718,0.018731,0.020158,0.017810,0.018666,9243940,0,0,0
20170719,0.018771,0.019916,0.017100,0.017256,6628620,0,0,0
20170720,0.017338,0.020398,0.017338,0.018859,11307300,0,0,0
20170721,0.018993,0.020628,0.018685,0.019201,9737820,0,0,0
20170722,0.019178,0.023540,0.019144,0.022877,16277000,0,0,0
20170723,0.022909,0.023715,0.020321,0.021769,10264600,0,0,0
20170724,0.021671,0.022820,0.020864,0.022605,6419140,0,0,0
20170725,0.022616,0.022909,0.017189,0.018551,11337500,0,0,0
20170726,0.018577,0.019694,0.017651,0.018878,7069110,0,0,0
20170727,0.018937,0.019232,0.018075,0.018322,4931040,0,0,0
20170728,0.018419,0.018677,0.016448,0.016961,8881060,0,0,0
20170729,0.016930,0.017447,0.015495,0.017447,4313590,0,0,0
20170730,0.017492,0.017492,0.015922,0.015984,3890430,0,0,0
20170731,0.015894,0.016462,0.015192,0.016095,4522640,0,0,0
20170801,0.016102,0.017955,0.015866,0.017933,7577370,0,0,0
20170802,0.017906,0.019188,0.017527,0.018413,8405370,0,0,0
20170803,0.018313,0.018981,0.018207,0.018860,3565840,0,0,0
20170804,0.018846,0.022411,0.018597,0.022241,14348900,0,0,0
20170805,0.022800,0.026538,0.021051,0.023984,28582700,0,0,0
20170806,0.023835,0.024723,0.022618,0.022701,11789300,0,0,0
20170807,0.022697,0.023050,0.021222,0.022195,10141400,0,0,0
20170808,0.022300,0.023737,0.021703,0.023737,8748670,0,0,0
20170809,0.023813,0.024613,0.021601,0.022996,9943390,0,0,0
20170810,0.022993,0.023450,0.021993,0.022007,5144750,0,0,0
20170811,0.021940,0.022304,0.020751,0.021480,6968740,0,0,0
20170812,0.021400,0.022192,0.019601,0.020217,8536080,0,0,0
20170813,0.020234,0.020234,0.017237,0.018250,18070400,0,0,0
20170814,0.018313,0.019210,0.016820,0.017622,9974570,0,0,0
20170815,0.017605,0.018891,0.016068,0.017433,15330000,0,0,0
20170816,0.017378,0.018562,0.017127,0.017702,8427430,0,0,0
20170817,0.017715,0.018239,0.016865,0.017327,7228100,0,0,0
20170818,0.017326,0.017585,0.016572,0.016842,4253200,0,0,0
20170819,0.016862,0.017201,0.015550,0.016513,4290190,0,0,0
20170820,0.016481,0.018387,0.016148,0.017631,7276760,0,0,0
20170821,0.017669,0.020365,0.017092,0.019753,9391270,0,0,0
20170822,0.019660,0.021753,0.016734,0.021624,18062400,0,0,0
20170823,0.021459,0.023979,0.019393,0.020223,25240300,0,0,0
20170824,0.020465,0.021513,0.018510,0.019024,9530830,0,0,0
20170825,0.019036,0.020497,0.018367,0.020497,6734260,0,0,0
20170826,0.020325,0.021226,0.019013,0.021208,6739770,0,0,0
20170827,0.021120,0.021445,0.019569,0.019785,4308080,0,0,0
20170828,0.019862,0.021014,0.019239,0.020525,6305440,0,0,0
20170829,0.020497,0.020823,0.019424,0.020104,5990490,0,0,0
20170830,0.020057,0.021240,0.019883,0.021224,5836630,0,0,0
20170831,0.021194,0.022502,0.020776,0.022405,5039660,0,0,0
20170901,0.022338,0.024472,0.021455,0.023954,8806440,0,0,0
20170902,0.024058,0.024326,0.020413,0.020837,6551880,0,0,0
20170903,0.020813,0.021904,0.020297,0.021296,2524130,0,0,0
20170904,0.021310,0.021339,0.016690,0.017625,6341980,0,0,0
20170905,0.017857,0.019062,0.015980,0.018567,5204660,0,0,0
20170906,0.018580,0.020887,0.018580,0.020346,4741770,0,0,0
20170907,0.020353,0.020655,0.019433,0.020096,3784650,0,0,0
20170908,0.020058,0.020347,0.016905,0.017447,5110680,0,0,0
20170909,0.017521,0.017739,0.016580,0.017095,2461230,0,0,0
20170910,0.017109,0.017193,0.015628,0.016269,3452690,0,0,0
20170911,0.016276,0.017649,0.015954,0.016993,3903590,0,0,0
20170912,0.017014,0.017677,0.016036,0.016324,3189200,0,0,0
20170913,0.016198,0.016301,0.014656,0.015328,2671500,0,0,0
20170914,0.015355,0.015550,0.011038,0.011038,4609450,0,0,0
20170915,0.011129,0.012571,0.006892,0.012096,11877600,0,0,0
20170916,0.012047,0.012474,0.010492,0.011699,3639010,0,0,0
20170917,0.011710,0.011710,0.010180,0.011210,2253630,0,0,0
20170918,0.011173,0.013639,0.011173,0.013455,4635400,0,0,0
20170919,0.013452,0.013505,0.011414,0.011794,3583140,0,0,0
20170920,0.011781,0.012598,0.011244,0.012236,2522500,0,0,0
20170921,0.012104,0.012163,0.010523,0.010600,2524650,0,0,0
20170922,0.010698,0.011150,0.010360,0.010776,1825510,0,0,0
20170923,0.010755,0.011897,0.010650,0.011896,2032830,0,0,0
20170924,0.011915,0.012023,0.011395,0.011563,1065700,0,0,0
20170925,0.011551,0.012454,0.011427,0.012073,2426680,0,0,0
20170926,0.012077,0.012538,0.011929,0.012388,2222670,0,0,0
20170927,0.012299,0.014896,0.012299,0.014378,5645900,0,0,0
20170928,0.014316,0.014562,0.013549,0.013863,2978100,0,0,0
20170929,0.013816,0.013877,0.012906,0.013204,1967140,0,0,0
20170930,0.013162,0.013945,0.013142,0.013858,1668730,0,0,0
20171001,0.013813,0.013864,0.013383,0.013688,1534340,0,0,0
20171002,0.013697,0.013734,0.012638,0.012962,2362700,0,0,0
20171003,0.012948,0.012948,0.011327,0.012403,2577540,0,0,0
20171004,0.012469,0.012537,0.011573,0.011851,1670080,0,0,0
20171005,0.011881,0.015283,0.011736,0.014576,9616220,0,0,0
20171006,0.014657,0.019193,0.014657,0.018403,24002100,0,0,0
20171007,0.018443,0.024591,0.018443,0.020959,56853100,0,0,0
20171008,0.020691,0.022042,0.018229,0.018598,23922100,0,0,0
20171009,0.018800,0.022022,0.016326,0.017601,29343800,0,0,0
20171010,0.017440,0.018953,0.016589,0.018953,11082800,0,0,0
20171011,0.018870,0.020072,0.018239,0.019450,12189100,0,0,0
20171012,0.019498,0.019869,0.017362,0.017784,14626800,0,0,0
20171013,0.017650,0.018663,0.017365,0.017960,10486000,0,0,0
20171014,0.018017,0.019165,0.017522,0.017522,5671720,0,0,0
20171015,0.017291,0.019049,0.016837,0.018925,9059430,0,0,0
20171016,0.018929,0.049123,0.018683,0.036865,291627000,0,0,0
20171017,0.036511,0.046700,0.035483,0.045842,146372000,0,0,0
20171018,0.045810,0.045930,0.033016,0.035133,66483500,0,0,0
20171019,0.035176,0.035356,0.029638,0.031195,41683000,0,0,0
20171020,0.031246,0.032652,0.025472,0.026756,35088200,0,0,0
20171021,0.027343,0.038015,0.024250,0.036429,60801200,0,0,0
20171022,0.036487,0.037668,0.030483,0.031269,56070400,0,0,0
20171023,0.031206,0.036949,0.030019,0.033832,43494400,0,0,0
20171024,0.034466,0.042909,0.033463,0.036649,73178900,0,0,0
20171025,0.036433,0.037877,0.034006,0.035004,35434500,0,0,0
20171026,0.035246,0.037127,0.034463,0.034546,23633200,0,0,0
20171027,0.034680,0.035061,0.033246,0.034236,15974900,0,0,0
20171028,0.034284,0.034615,0.030938,0.031038,8887170,0,0,0
20171029,0.031104,0.033389,0.029866,0.030331,22646700,0,0,0
20171030,0.030731,0.032085,0.029874,0.031804,14186100,0,0,0
20171031,0.031606,0.031815,0.028622,0.029182,16918000,0,0,0
20171101,0.029387,0.030124,0.027213,0.027353,14361700,0,0,0
20171102,0.027025,0.028644,0.023969,0.027607,34417400,0,0,0
20171103,0.027498,0.028573,0.025540,0.027779,18470900,0,0,0
20171104,0.027829,0.028660,0.026961,0.027294,10822300,0,0,0
20171105,0.027244,0.027869,0.026324,0.026765,8898200,0,0,0
20171106,0.026694,0.029117,0.026422,0.028880,12830800,0,0,0
20171107,0.028874,0.032871,0.028874,0.030699,30855800,0,0,0
20171108,0.030657,0.035266,0.029160,0.033763,39618700,0,0,0
20171109,0.033792,0.040380,0.033744,0.039946,32813200,0,0,0
20171110,0.039833,0.039833,0.031366,0.033073,32634200,0,0,0
20171111,0.033083,0.035830,0.031881,0.033053,17914400,0,0,0
20171112,0.032965,0.033334,0.027469,0.028182,17002300,0,0,0
20171113,0.028115,0.031968,0.028041,0.030656,11245700,0,0,0
20171114,0.030610,0.037129,0.030382,0.036374,18880900,0,0,0
20171115,0.036471,0.037343,0.034680,0.037053,28206500,0,0,0
20171116,0.036987,0.037897,0.034634,0.037234,20597200,0,0,0
20171117,0.037144,0.037293,0.034894,0.035572,11612900,0,0,0
20171118,0.035494,0.036583,0.034652,0.036583,6979350,0,0,0
20171119,0.036482,0.039945,0.036039,0.036566,17796700,0,0,0
20171120,0.036619,0.039783,0.036174,0.038121,13726200,0,0,0
20171121,0.038127,0.039060,0.036212,0.037668,9113270,0,0,0
20171122,0.037669,0.042299,0.037566,0.042299,13859400,0,0,0
20171123,0.042674,0.044142,0.040149,0.040535,22012000,0,0,0
20171124,0.040437,0.041181,0.038939,0.040193,11277900,0,0,0
20171125,0.040280,0.043943,0.040040,0.043639,10488700,0,0,0
20171126,0.043762,0.049111,0.043762,0.048896,30583700,0,0,0
20171127,0.048865,0.062059,0.048501,0.059843,45702000,0,0,0
20171128,0.056877,0.084987,0.056486,0.081415,142589000,0,0,0
20171129,0.081939,0.099881,0.060393,0.064424,232135000,0,0,0
20171130,0.065554,0.078906,0.063939,0.072871,66684900,0,0,0
20171201,0.072181,0.091459,0.071534,0.089883,102074000,0,0,0
20171202,0.090184,0.098519,0.089947,0.093816,82791100,0,0,0
20171203,0.093531,0.096907,0.086840,0.089035,55809800,0,0,0
